56.0 10.0 393.0 5.0 97.0 117.0 1.0 
87.0 182.0 142.0 7.0 128.0 8.0 1.0 
87.0 178.0 143.0 7.0 128.0 7.0 1.0 
95.0 331.0 118.0 15.0 141.0 13.0 0.0 
85.0 264.0 129.0 98.0 108.0 48.0 0.0 
64.0 6.0 217.0 16.0 103.0 99.0 1.0 
121.0 154.0 81.0 185.0 328.0 22.0 0.0 
137.0 81.0 59.0 155.0 345.0 41.0 0.0 
142.0 8.0 6.0 52.0 383.0 95.0 -1.0 
91.0 116.0 8.0 161.0 9.0 264.0 -1.0 
91.0 112.0 8.0 155.0 8.0 409.0 -1.0 
78.0 70.0 23.0 126.0 15.0 275.0 0.0 
108.0 19.0 6.0 42.0 13.0 136.0 -1.0 
90.0 34.0 8.0 48.0 8.0 134.0 -1.0 
67.0 8.0 8.0 20.0 15.0 315.0 -1.0 
37.0 8.0 5.0 488.0 17.0 123.0 -1.0 
4.0 72.0 6.0 144.0 7.0 32.0 -1.0 
0.0 471.0 7.0 133.0 7.0 41.0 -1.0 
18.0 18.0 6.0 207.0 12.0 256.0 -1.0 
4.0 76.0 7.0 239.0 8.0 183.0 -1.0 
4.0 72.0 6.0 233.0 7.0 189.0 -1.0 
5.0 64.0 7.0 204.0 8.0 224.0 -1.0 
-2.0 344.0 7.0 211.0 7.0 213.0 -1.0 
-14.0 322.0 18.0 219.0 10.0 219.0 0.0 
24.0 12.0 5.0 277.0 14.0 114.0 -1.0 
-4.0 255.0 8.0 125.0 7.0 144.0 0.0 
8.0 38.0 6.0 157.0 8.0 118.0 -1.0 
-85.0 7.0 11.0 9.0 120.0 143.0 1.0 
-35.0 9.0 143.0 5.0 96.0 29.0 1.0 
-1.0 137.0 136.0 7.0 131.0 7.0 1.0 
-4.0 126.0 144.0 6.0 125.0 7.0 1.0 
0.0 117.0 133.0 7.0 133.0 7.0 1.0 
6.0 102.0 119.0 131.0 147.0 9.0 0.0 
18.0 7.0 15.0 7.0 116.0 277.0 1.0 
61.0 10.0 51.0 5.0 183.0 18.0 1.0 
87.0 37.0 50.0 7.0 127.0 8.0 1.0 
121.0 8.0 29.0 7.0 360.0 13.0 1.0 
147.0 9.0 495.0 5.0 77.0 16.0 1.0 
182.0 481.0 129.0 7.0 27.0 7.0 0.0 
185.0 478.0 123.0 8.0 31.0 7.0 0.0 
189.0 450.0 111.0 16.0 68.0 11.0 0.0 
170.0 34.0 206.0 7.0 227.0 10.0 0.0 
172.0 39.0 207.0 6.0 223.0 9.0 1.0 
177.0 99.0 217.0 7.0 207.0 7.0 1.0 
177.0 95.0 211.0 6.0 213.0 7.0 1.0 
216.0 112.0 473.0 216.0 240.0 34.0 0.0 
234.0 69.0 449.0 244.0 262.0 57.0 0.0 
214.0 11.0 6.0 122.0 33.0 95.0 -1.0 
198.0 122.0 5.0 130.0 11.0 106.0 -1.0 
181.0 112.0 7.0 136.0 7.0 131.0 0.0 
166.0 9.0 11.0 18.0 274.0 126.0 -1.0 
146.0 7.0 6.0 32.0 446.0 328.0 -1.0 
91.0 50.0 8.0 70.0 8.0 131.0 -1.0 
96.0 18.0 8.0 24.0 9.0 129.0 -1.0 
77.0 7.0 8.0 12.0 8.0 176.0 -1.0 
26.0 11.0 5.0 306.0 11.0 33.0 -1.0 
-35.0 142.0 103.0 330.0 18.0 44.0 0.0 
-66.0 9.0 23.0 9.0 98.0 148.0 1.0 
-58.0 5.0 22.0 5.0 97.0 144.0 1.0 
5.0 221.0 92.0 45.0 109.0 123.0 0.0 
77.0 8.0 9.0 15.0 188.0 264.0 -1.0 
48.0 6.0 5.0 96.0 364.0 95.0 -1.0 
-2.0 133.0 7.0 195.0 7.0 227.0 -1.0 
2.0 125.0 7.0 171.0 7.0 256.0 -1.0 
2.0 121.0 6.0 165.0 7.0 262.0 -1.0 
5.0 64.0 7.0 137.0 8.0 123.0 -1.0 
5.0 60.0 6.0 132.0 8.0 123.0 -1.0 
-7.0 74.0 14.0 119.0 11.0 147.0 0.0 
-46.0 7.0 5.0 456.0 44.0 495.0 -1.0 
-85.0 58.0 6.0 147.0 7.0 75.0 -1.0 
-91.0 381.0 8.0 260.0 8.0 165.0 0.0 
-67.0 14.0 6.0 251.0 15.0 101.0 -1.0 
-84.0 50.0 6.0 167.0 8.0 270.0 -1.0 
-90.0 314.0 7.0 161.0 7.0 263.0 -1.0 
-109.0 304.0 22.0 197.0 11.0 237.0 0.0 
-76.0 59.0 16.0 140.0 27.0 99.0 0.0 
-97.0 61.0 19.0 99.0 15.0 143.0 0.0 
-104.0 10.0 11.0 18.0 21.0 158.0 -1.0 
-117.0 6.0 6.0 19.0 21.0 310.0 -1.0 
-183.0 477.0 9.0 127.0 8.0 32.0 -1.0 
-150.0 13.0 6.0 340.0 25.0 97.0 -1.0 
-171.0 38.0 7.0 161.0 10.0 117.0 -1.0 
-199.0 314.0 26.0 321.0 13.0 226.0 0.0 
-150.0 15.0 7.0 276.0 29.0 131.0 -1.0 
-159.0 17.0 6.0 288.0 15.0 103.0 -1.0 
-179.0 259.0 8.0 136.0 8.0 131.0 -1.0 
-179.0 255.0 8.0 136.0 8.0 131.0 -1.0 
-179.0 251.0 8.0 136.0 8.0 131.0 -1.0 
-170.0 35.0 7.0 263.0 10.0 148.0 -1.0 
-179.0 195.0 8.0 271.0 8.0 151.0 -1.0 
-179.0 191.0 8.0 266.0 8.0 157.0 -1.0 
-179.0 187.0 8.0 260.0 8.0 163.0 -1.0 
-169.0 32.0 7.0 192.0 10.0 355.0 -1.0 
-168.0 30.0 7.0 166.0 11.0 351.0 -1.0 
-176.0 86.0 7.0 180.0 9.0 251.0 -1.0 
-182.0 131.0 9.0 193.0 8.0 231.0 -1.0 
-219.0 73.0 57.0 455.0 48.0 446.0 0.0 
-233.0 12.0 7.0 410.0 54.0 498.0 -1.0 
-254.0 23.0 7.0 231.0 13.0 203.0 -1.0 
-268.0 180.0 8.0 271.0 9.0 150.0 0.0 
-275.0 387.0 10.0 123.0 8.0 149.0 0.0 
-271.0 370.0 8.0 245.0 8.0 181.0 -1.0 
-258.0 29.0 7.0 174.0 11.0 113.0 -1.0 
-271.0 283.0 9.0 131.0 8.0 136.0 -1.0 
-259.0 33.0 7.0 275.0 11.0 128.0 -1.0 
-248.0 16.0 6.0 191.0 15.0 320.0 -1.0 
-273.0 168.0 9.0 252.0 8.0 176.0 -1.0 
-289.0 83.0 84.0 180.0 41.0 245.0 0.0 
-274.0 59.0 63.0 91.0 54.0 90.0 0.0 
-289.0 5.0 5.0 12.0 57.0 112.0 -1.0 
-362.0 445.0 7.0 129.0 7.0 76.0 -1.0 
-356.0 103.0 9.0 141.0 11.0 127.0 0.0 
-347.0 25.0 6.0 247.0 11.0 172.0 -1.0 
-356.0 73.0 6.0 267.0 7.0 151.0 -1.0 
-383.0 233.0 23.0 98.0 9.0 123.0 0.0 
-378.0 353.0 48.0 311.0 24.0 185.0 0.0 
-361.0 328.0 33.0 184.0 32.0 240.0 0.0 
-370.0 320.0 41.0 202.0 28.0 225.0 0.0 
-378.0 299.0 55.0 185.0 28.0 243.0 0.0 
-335.0 13.0 6.0 152.0 17.0 100.0 -1.0 
-378.0 100.0 30.0 211.0 15.0 228.0 0.0 
-358.0 57.0 28.0 77.0 30.0 108.0 0.0 
-380.0 7.0 7.0 15.0 36.0 159.0 -1.0 
-430.0 15.0 5.0 290.0 12.0 86.0 -1.0 
-446.0 73.0 6.0 144.0 7.0 73.0 -1.0 
-449.0 288.0 7.0 136.0 7.0 75.0 -1.0 
-427.0 13.0 5.0 252.0 14.0 102.0 -1.0 
-448.0 143.0 6.0 184.0 7.0 241.0 -1.0 
-463.0 324.0 14.0 217.0 8.0 217.0 0.0 
-473.0 8.0 7.0 19.0 123.0 100.0 -1.0 
-527.0 28.0 7.0 214.0 12.0 223.0 -1.0 
-520.0 17.0 6.0 185.0 14.0 325.0 -1.0 
-564.0 86.0 84.0 220.0 40.0 237.0 0.0 
-559.0 22.0 23.0 48.0 70.0 88.0 0.0 
-546.0 9.0 11.0 14.0 82.0 118.0 -1.0 
-579.0 7.0 6.0 58.0 67.0 327.0 -1.0 
-641.0 386.0 28.0 102.0 19.0 146.0 0.0 
-690.0 8.0 26.0 7.0 97.0 330.0 1.0 
-659.0 10.0 185.0 5.0 99.0 18.0 1.0 
-618.0 173.0 112.0 11.0 173.0 7.0 0.0 
-670.0 45.0 34.0 383.0 118.0 65.0 0.0 
-677.0 10.0 6.0 325.0 175.0 93.0 -1.0 
-696.0 12.0 5.0 344.0 14.0 101.0 -1.0 
-706.0 22.0 6.0 297.0 10.0 110.0 -1.0 
-716.0 72.0 6.0 144.0 7.0 125.0 -1.0 
-719.0 238.0 7.0 136.0 7.0 131.0 -1.0 
-715.0 58.0 6.0 147.0 7.0 123.0 -1.0 
-722.0 226.0 7.0 129.0 7.0 138.0 -1.0 
-758.0 174.0 138.0 61.0 38.0 366.0 0.0 
-764.0 58.0 42.0 397.0 103.0 57.0 0.0 
-783.0 12.0 5.0 344.0 18.0 99.0 -1.0 
-802.0 36.0 6.0 157.0 8.0 118.0 -1.0 
-809.0 290.0 7.0 164.0 7.0 261.0 -1.0 
-809.0 290.0 7.0 153.0 7.0 272.0 -1.0 
-852.0 125.0 282.0 485.0 15.0 218.0 0.0 
-858.0 11.0 7.0 365.0 136.0 93.0 -1.0 
-879.0 16.0 6.0 233.0 14.0 343.0 -1.0 
-901.0 349.0 8.0 213.0 8.0 210.0 -1.0 
-896.0 91.0 8.0 180.0 9.0 249.0 -1.0 
-896.0 87.0 8.0 175.0 9.0 255.0 -1.0 
-912.0 248.0 31.0 99.0 20.0 153.0 0.0 
-927.0 224.0 83.0 78.0 27.0 316.0 0.0 
-903.0 41.0 56.0 62.0 75.0 79.0 0.0 
-879.0 28.0 57.0 28.0 128.0 272.0 0.0 
-858.0 13.0 40.0 10.0 491.0 460.0 0.0 
-851.0 11.0 37.0 7.0 494.0 108.0 1.0 
-828.0 20.0 38.0 7.0 147.0 13.0 1.0 
-812.0 17.0 24.0 8.0 129.0 8.0 1.0 
-806.0 6.0 9.0 7.0 143.0 9.0 1.0 
-720.0 489.0 134.0 8.0 15.0 8.0 1.0 
-720.0 485.0 134.0 8.0 21.0 8.0 1.0 
-720.0 481.0 134.0 8.0 26.0 8.0 1.0 
-720.0 477.0 134.0 8.0 32.0 8.0 1.0 
-691.0 69.0 34.0 244.0 113.0 70.0 0.0 
-710.0 144.0 12.0 158.0 17.0 110.0 0.0 
-733.0 240.0 40.0 107.0 123.0 171.0 0.0 
-740.0 152.0 158.0 71.0 39.0 154.0 0.0 
-780.0 9.0 32.0 8.0 391.0 413.0 1.0 
-750.0 12.0 101.0 6.0 97.0 24.0 1.0 
-725.0 69.0 122.0 7.0 123.0 9.0 1.0 
-711.0 78.0 132.0 11.0 274.0 8.0 0.0 
-685.0 8.0 42.0 7.0 330.0 44.0 1.0 
-665.0 8.0 461.0 5.0 269.0 29.0 1.0 
-643.0 22.0 220.0 6.0 214.0 9.0 1.0 
-630.0 383.0 259.0 7.0 166.0 7.0 1.0 
-630.0 379.0 253.0 7.0 172.0 7.0 1.0 
-622.0 347.0 362.0 17.0 196.0 12.0 0.0 
-582.0 127.0 285.0 285.0 216.0 40.0 0.0 
-578.0 9.0 330.0 6.0 94.0 48.0 1.0 
-554.0 20.0 184.0 5.0 110.0 9.0 1.0 
-517.0 322.0 313.0 103.0 219.0 10.0 0.0 
-519.0 86.0 33.0 228.0 100.0 294.0 0.0 
-507.0 20.0 11.0 169.0 138.0 91.0 0.0 
-509.0 13.0 7.0 163.0 28.0 95.0 -1.0 
-514.0 11.0 5.0 164.0 15.0 100.0 -1.0 
-541.0 143.0 7.0 206.0 7.0 219.0 -1.0 
-536.0 84.0 128.0 111.0 22.0 116.0 0.0 
-546.0 8.0 10.0 13.0 273.0 140.0 -1.0 
-594.0 10.0 6.0 288.0 39.0 96.0 -1.0 
-628.0 172.0 8.0 139.0 8.0 129.0 -1.0 
-630.0 277.0 8.0 134.0 8.0 134.0 -1.0 
-631.0 269.0 8.0 131.0 8.0 136.0 0.0 
-657.0 258.0 49.0 98.0 15.0 284.0 0.0 
-681.0 26.0 161.0 21.0 80.0 342.0 0.0 
-669.0 8.0 149.0 5.0 95.0 152.0 1.0 
-639.0 32.0 163.0 6.0 118.0 8.0 1.0 
-604.0 108.0 92.0 103.0 269.0 13.0 0.0 
-614.0 97.0 99.0 107.0 178.0 16.0 0.0 
-662.0 8.0 7.0 33.0 136.0 94.0 -1.0 
-687.0 9.0 5.0 372.0 25.0 96.0 -1.0 
-707.0 25.0 6.0 177.0 11.0 111.0 -1.0 
-716.0 79.0 7.0 154.0 8.0 125.0 -1.0 
-717.0 99.0 7.0 141.0 7.0 127.0 -1.0 
-717.0 95.0 6.0 141.0 7.0 127.0 -1.0 
-729.0 212.0 20.0 108.0 14.0 149.0 0.0 
-704.0 19.0 6.0 121.0 10.0 108.0 -1.0 
-722.0 102.0 7.0 149.0 7.0 270.0 -1.0 
-762.0 7.0 5.0 104.0 55.0 496.0 -1.0 
-805.0 58.0 6.0 147.0 7.0 92.0 -1.0 
-858.0 7.0 143.0 5.0 94.0 156.0 1.0 
-752.0 81.0 70.0 283.0 230.0 336.0 0.0 
-737.0 56.0 61.0 115.0 97.0 146.0 0.0 
-793.0 22.0 7.0 201.0 14.0 332.0 -1.0 
-793.0 18.0 6.0 197.0 11.0 333.0 -1.0 
-810.0 170.0 7.0 240.0 7.0 185.0 -1.0 
-812.0 158.0 7.0 231.0 7.0 195.0 -1.0 
-804.0 48.0 6.0 188.0 8.0 245.0 -1.0 
-808.0 138.0 7.0 189.0 7.0 238.0 -1.0 
-848.0 10.0 8.0 67.0 52.0 393.0 -1.0 
-874.0 14.0 6.0 290.0 19.0 170.0 -1.0 
-900.0 433.0 8.0 133.0 8.0 95.0 -1.0 
-875.0 17.0 32.0 17.0 89.0 287.0 0.0 
-858.0 8.0 24.0 6.0 462.0 477.0 1.0 
-794.0 8.0 17.0 9.0 191.0 9.0 1.0 
-756.0 10.0 495.0 6.0 71.0 11.0 1.0 
-743.0 16.0 358.0 7.0 101.0 17.0 1.0 
-713.0 323.0 196.0 10.0 228.0 8.0 0.0 
-681.0 10.0 6.0 149.0 152.0 95.0 -1.0 
-703.0 17.0 5.0 163.0 11.0 108.0 -1.0 
-721.0 7.0 10.0 11.0 132.0 81.0 -1.0 
-768.0 7.0 5.0 53.0 98.0 496.0 -1.0 
-810.0 49.0 7.0 70.0 7.0 134.0 -1.0 
-810.0 41.0 7.0 58.0 7.0 134.0 -1.0 
-827.0 19.0 20.0 38.0 10.0 192.0 0.0 
-819.0 6.0 8.0 11.0 15.0 148.0 -1.0 
-893.0 50.0 7.0 154.0 9.0 26.0 -1.0 
-884.0 26.0 8.0 247.0 15.0 173.0 -1.0 
-884.0 22.0 7.0 242.0 12.0 181.0 -1.0 
-956.0 312.0 333.0 59.0 42.0 177.0 0.0 
-981.0 7.0 132.0 9.0 115.0 158.0 1.0 
-938.0 132.0 307.0 5.0 96.0 43.0 1.0 
-916.0 40.0 249.0 79.0 138.0 70.0 0.0 
-922.0 5.0 5.0 13.0 144.0 102.0 -1.0 
-987.0 164.0 6.0 220.0 7.0 205.0 -1.0 
-1006.0 302.0 103.0 187.0 25.0 240.0 0.0 
-1001.0 268.0 77.0 114.0 64.0 125.0 0.0 
-1031.0 7.0 5.0 77.0 298.0 94.0 -1.0 
-1076.0 73.0 6.0 264.0 7.0 153.0 -1.0 
-1083.0 183.0 9.0 273.0 8.0 157.0 0.0 
-1058.0 14.0 6.0 126.0 14.0 102.0 -1.0 
-1074.0 48.0 6.0 144.0 8.0 122.0 -1.0 
-1079.0 36.0 7.0 51.0 7.0 131.0 -1.0 
-1074.0 20.0 7.0 26.0 8.0 125.0 -1.0 
-1102.0 5.0 5.0 13.0 8.0 320.0 -1.0 
-1168.0 144.0 6.0 139.0 7.0 17.0 -1.0 
-1155.0 19.0 5.0 256.0 10.0 156.0 -1.0 
-1170.0 371.0 12.0 240.0 12.0 183.0 0.0 
-1148.0 16.0 6.0 240.0 15.0 101.0 -1.0 
-1155.0 19.0 5.0 189.0 10.0 290.0 -1.0 
-1167.0 98.0 6.0 197.0 7.0 229.0 -1.0 
-1195.0 179.0 70.0 293.0 25.0 244.0 0.0 
-1117.0 7.0 6.0 42.0 396.0 499.0 -1.0 
-1160.0 30.0 6.0 127.0 9.0 115.0 -1.0 
-1169.0 88.0 7.0 123.0 7.0 131.0 0.0 
-1169.0 80.0 7.0 112.0 7.0 131.0 -1.0 
-1162.0 36.0 6.0 76.0 8.0 118.0 -1.0 
-1171.0 56.0 7.0 81.0 7.0 136.0 -1.0 
-1178.0 49.0 9.0 81.0 7.0 156.0 0.0 
-1191.0 11.0 11.0 25.0 17.0 206.0 0.0 
-1185.0 6.0 7.0 13.0 19.0 166.0 -1.0 
-1254.0 243.0 123.0 52.0 152.0 93.0 0.0 
-1235.0 7.0 20.0 7.0 244.0 275.0 1.0 
-1179.0 40.0 98.0 7.0 117.0 10.0 1.0 
-1167.0 71.0 107.0 9.0 141.0 8.0 1.0 
-1175.0 55.0 72.0 8.0 123.0 10.0 1.0 
-1175.0 51.0 67.0 7.0 123.0 9.0 1.0 
-1170.0 43.0 61.0 8.0 134.0 8.0 1.0 
-1173.0 31.0 42.0 8.0 127.0 8.0 1.0 
-1164.0 8.0 12.0 10.0 146.0 11.0 1.0 
-1109.0 12.0 344.0 6.0 45.0 13.0 1.0 
-1117.0 10.0 306.0 6.0 95.0 47.0 1.0 
-1087.0 50.0 154.0 7.0 120.0 9.0 1.0 
-1080.0 291.0 134.0 8.0 134.0 8.0 0.0 
-1102.0 18.0 133.0 7.0 102.0 17.0 1.0 
-1092.0 29.0 142.0 7.0 113.0 11.0 1.0 
-1074.0 107.0 170.0 12.0 247.0 10.0 0.0 
-1099.0 7.0 7.0 13.0 321.0 26.0 -1.0 
-1142.0 9.0 5.0 8.0 17.0 317.0 -1.0 
-1234.0 14.0 6.0 308.0 9.0 26.0 -1.0 
-1222.0 10.0 6.0 426.0 52.0 498.0 -1.0 
-1256.0 88.0 8.0 144.0 9.0 124.0 -1.0 
-1259.0 349.0 8.0 136.0 8.0 123.0 -1.0 
-1262.0 407.0 9.0 129.0 8.0 128.0 0.0 
-1259.0 349.0 8.0 275.0 8.0 146.0 -1.0 
-1259.0 345.0 8.0 270.0 8.0 152.0 -1.0 
-1269.0 364.0 18.0 358.0 13.0 174.0 0.0 
-1283.0 117.0 147.0 118.0 59.0 122.0 0.0 
-1262.0 195.0 99.0 45.0 92.0 144.0 0.0 
-1320.0 14.0 7.0 377.0 27.0 97.0 -1.0 
-1339.0 33.0 7.0 193.0 11.0 250.0 -1.0 
-1389.0 152.0 223.0 78.0 23.0 183.0 0.0 
-1393.0 95.0 269.0 420.0 81.0 231.0 0.0 
-1382.0 70.0 266.0 264.0 89.0 59.0 0.0 
-1395.0 7.0 5.0 380.0 120.0 94.0 -1.0 
-1440.0 376.0 7.0 250.0 7.0 175.0 -1.0 
-1440.0 372.0 7.0 244.0 7.0 181.0 -1.0 
-1440.0 368.0 7.0 238.0 7.0 186.0 -1.0 
-1438.0 156.0 6.0 214.0 7.0 211.0 -1.0 
-1440.0 352.0 7.0 216.0 7.0 209.0 -1.0 
-1440.0 348.0 7.0 210.0 7.0 215.0 -1.0 
-1440.0 344.0 7.0 204.0 7.0 220.0 -1.0 
-1440.0 340.0 7.0 199.0 7.0 226.0 -1.0 
-1504.0 205.0 49.0 195.0 145.0 268.0 0.0 
-1497.0 8.0 35.0 7.0 95.0 347.0 1.0 
-1460.0 17.0 173.0 6.0 337.0 14.0 1.0 
-1440.0 153.0 217.0 8.0 207.0 8.0 1.0 
-1440.0 149.0 211.0 8.0 212.0 8.0 1.0 
-1440.0 145.0 205.0 8.0 218.0 8.0 1.0 
-1413.0 103.0 298.0 68.0 258.0 22.0 0.0 
-1413.0 8.0 24.0 8.0 97.0 77.0 1.0 
-1387.0 8.0 428.0 5.0 500.0 37.0 1.0 
-1351.0 293.0 136.0 7.0 127.0 7.0 1.0 
-1351.0 289.0 136.0 7.0 133.0 7.0 1.0 
-1351.0 289.0 234.0 7.0 190.0 7.0 1.0 
-1330.0 242.0 312.0 40.0 187.0 18.0 0.0 
-1363.0 148.0 125.0 39.0 132.0 63.0 0.0 
-1376.0 11.0 99.0 5.0 100.0 16.0 1.0 
-1339.0 7.0 13.0 9.0 156.0 14.0 1.0 
-1298.0 8.0 489.0 5.0 126.0 15.0 1.0 
-1210.0 24.0 18.0 214.0 158.0 81.0 0.0 
-1188.0 8.0 8.0 17.0 182.0 103.0 -1.0 
-1215.0 7.0 5.0 335.0 165.0 94.0 -1.0 
-1343.0 6.0 10.0 8.0 118.0 153.0 1.0 
-1279.0 15.0 195.0 5.0 327.0 11.0 1.0 
-1267.0 42.0 203.0 6.0 229.0 8.0 1.0 
-1255.0 156.0 242.0 8.0 189.0 7.0 0.0 
-1264.0 75.0 112.0 7.0 125.0 8.0 1.0 
-1264.0 71.0 106.0 6.0 125.0 7.0 1.0 
-1258.0 76.0 112.0 7.0 139.0 7.0 1.0 
-1258.0 72.0 106.0 7.0 138.0 7.0 1.0 
-1258.0 68.0 100.0 7.0 138.0 7.0 1.0 
-1235.0 50.0 133.0 32.0 271.0 11.0 0.0 
-1247.0 7.0 13.0 8.0 147.0 25.0 1.0 
-1188.0 19.0 308.0 6.0 56.0 13.0 1.0 
-1171.0 363.0 136.0 8.0 48.0 9.0 1.0 
-1171.0 359.0 136.0 8.0 54.0 9.0 1.0 
-1169.0 455.0 131.0 9.0 63.0 8.0 0.0 
-1187.0 26.0 198.0 8.0 266.0 16.0 0.0 
-1196.0 13.0 393.0 6.0 394.0 18.0 1.0 
-1125.0 90.0 423.0 264.0 236.0 77.0 0.0 
-1173.0 220.0 25.0 123.0 120.0 136.0 0.0 
-1163.0 125.0 7.0 154.0 9.0 120.0 -1.0 
-1154.0 63.0 126.0 69.0 45.0 111.0 0.0 
-1114.0 10.0 380.0 6.0 96.0 31.0 1.0 
-1079.0 369.0 243.0 8.0 182.0 8.0 1.0 
-1080.0 294.0 133.0 20.0 122.0 20.0 0.0 
-1107.0 15.0 285.0 7.0 98.0 22.0 1.0 
-1092.0 29.0 174.0 7.0 113.0 11.0 1.0 
-1085.0 69.0 147.0 7.0 123.0 9.0 1.0 
-1087.0 60.0 152.0 9.0 118.0 11.0 0.0 
-1088.0 51.0 128.0 9.0 117.0 11.0 1.0 
-1088.0 47.0 123.0 8.0 118.0 11.0 1.0 
-1074.0 82.0 130.0 11.0 148.0 9.0 0.0 
-1088.0 44.0 88.0 7.0 118.0 10.0 1.0 
-1081.0 58.0 81.0 9.0 131.0 9.0 1.0 
-1091.0 27.0 32.0 7.0 131.0 10.0 1.0 
-1072.0 7.0 11.0 8.0 153.0 10.0 1.0 
-1017.0 11.0 306.0 5.0 38.0 12.0 1.0 
-989.0 485.0 131.0 7.0 22.0 7.0 0.0 
-988.0 457.0 127.0 9.0 59.0 9.0 0.0 
-1001.0 26.0 169.0 6.0 99.0 9.0 1.0 
-994.0 73.0 144.0 6.0 97.0 7.0 1.0 
-988.0 405.0 129.0 7.0 130.0 7.0 1.0 
-996.0 49.0 248.0 6.0 170.0 8.0 1.0 
-990.0 389.0 267.0 7.0 157.0 7.0 1.0 
-988.0 346.0 214.0 16.0 211.0 15.0 0.0 
-1014.0 15.0 328.0 6.0 100.0 17.0 1.0 
-1005.0 19.0 189.0 5.0 109.0 10.0 1.0 
-988.0 299.0 145.0 7.0 276.0 7.0 0.0 
-982.0 261.0 114.0 14.0 152.0 10.0 0.0 
-1009.0 15.0 244.0 5.0 183.0 11.0 1.0 
-990.0 215.0 134.0 7.0 134.0 7.0 0.0 
-963.0 61.0 178.0 57.0 143.0 58.0 0.0 
-962.0 9.0 29.0 9.0 95.0 82.0 1.0 
-962.0 5.0 17.0 5.0 99.0 84.0 1.0 
-899.0 416.0 131.0 7.0 117.0 7.0 1.0 
-875.0 62.0 232.0 239.0 52.0 87.0 0.0 
-872.0 8.0 24.0 7.0 97.0 111.0 1.0 
-840.0 10.0 404.0 5.0 305.0 114.0 1.0 
-815.0 61.0 216.0 6.0 208.0 8.0 1.0 
-811.0 362.0 224.0 7.0 199.0 7.0 1.0 
-811.0 354.0 213.0 7.0 210.0 7.0 1.0 
-825.0 105.0 188.0 238.0 109.0 11.0 -1.0 
-986.0 75.0 7.0 256.0 140.0 161.0 -1.0 
-986.0 71.0 6.0 251.0 7.0 167.0 -1.0 
-1016.0 29.0 28.0 81.0 227.0 289.0 0.0 
-1029.0 8.0 6.0 61.0 228.0 497.0 -1.0 
-1081.0 202.0 13.0 126.0 12.0 136.0 0.0 
-1058.0 15.0 6.0 207.0 14.0 319.0 -1.0 
-1070.0 29.0 6.0 227.0 8.0 197.0 -1.0 
-1099.0 131.0 37.0 283.0 18.0 195.0 0.0 
-1075.0 76.0 23.0 100.0 27.0 107.0 0.0 
-1055.0 13.0 6.0 45.0 16.0 167.0 -1.0 
-1072.0 36.0 6.0 48.0 8.0 118.0 -1.0 
-1080.0 34.0 7.0 49.0 7.0 134.0 -1.0 
-1086.0 7.0 9.0 11.0 9.0 146.0 -1.0 
-1139.0 9.0 5.0 392.0 11.0 45.0 -1.0 
-1166.0 74.0 6.0 144.0 7.0 35.0 -1.0 
-1198.0 87.0 232.0 263.0 70.0 109.0 0.0 
-1190.0 34.0 222.0 76.0 103.0 74.0 0.0 
-1184.0 5.0 198.0 11.0 119.0 109.0 1.0 
-1088.0 7.0 9.0 12.0 153.0 115.0 -1.0 
-1132.0 8.0 5.0 206.0 43.0 499.0 -1.0 
-1168.0 146.0 6.0 263.0 7.0 158.0 -1.0 
-1162.0 37.0 6.0 226.0 8.0 199.0 -1.0 
-1186.0 159.0 15.0 105.0 8.0 190.0 0.0 
-1220.0 106.0 68.0 403.0 99.0 434.0 0.0 
-1251.0 259.0 54.0 96.0 75.0 75.0 0.0 
-1258.0 187.0 48.0 96.0 51.0 166.0 0.0 
-1269.0 161.0 59.0 81.0 43.0 174.0 0.0 
-1273.0 93.0 103.0 171.0 64.0 86.0 0.0 
-1279.0 76.0 80.0 164.0 68.0 90.0 0.0 
-1293.0 37.0 32.0 151.0 88.0 71.0 0.0 
-1288.0 9.0 8.0 28.0 106.0 96.0 -1.0 
-1319.0 12.0 6.0 407.0 25.0 436.0 -1.0 
-1359.0 388.0 11.0 116.0 8.0 145.0 0.0 
-1411.0 214.0 86.0 60.0 117.0 17.0 0.0 
-1351.0 6.0 9.0 9.0 252.0 171.0 1.0 
-1284.0 12.0 190.0 5.0 316.0 14.0 1.0 
-1262.0 174.0 238.0 6.0 185.0 7.0 0.0 
-1259.0 162.0 233.0 7.0 192.0 7.0 1.0 
-1259.0 158.0 227.0 7.0 198.0 7.0 0.0 
-1229.0 76.0 270.0 67.0 255.0 245.0 0.0 
-1215.0 9.0 204.0 6.0 494.0 296.0 1.0 
-1174.0 90.0 259.0 8.0 159.0 9.0 1.0 
-1174.0 86.0 254.0 7.0 165.0 9.0 1.0 
-1174.0 87.0 243.0 8.0 178.0 9.0 1.0 
-1119.0 184.0 46.0 116.0 386.0 55.0 0.0 
-1106.0 248.0 33.0 115.0 211.0 72.0 0.0 
-1115.0 27.0 300.0 16.0 86.0 91.0 0.0 
-1114.0 10.0 288.0 6.0 96.0 31.0 1.0 
-1079.0 279.0 131.0 8.0 136.0 8.0 1.0 
-1079.0 275.0 131.0 8.0 136.0 8.0 1.0 
-1079.0 271.0 131.0 9.0 136.0 8.0 1.0 
-1079.0 267.0 131.0 9.0 136.0 8.0 1.0 
-1080.0 168.0 93.0 48.0 186.0 48.0 0.0 
-1111.0 46.0 113.0 24.0 79.0 99.0 0.0 
-1115.0 10.0 67.0 6.0 195.0 34.0 1.0 
-1080.0 62.0 87.0 8.0 134.0 8.0 1.0 
-1061.0 7.0 16.0 7.0 199.0 14.0 1.0 
-1017.0 11.0 306.0 5.0 55.0 17.0 1.0 
-990.0 479.0 133.0 7.0 29.0 7.0 1.0 
-990.0 475.0 133.0 7.0 35.0 7.0 1.0 
-990.0 471.0 133.0 7.0 41.0 7.0 1.0 
-994.0 73.0 144.0 6.0 62.0 7.0 1.0 
-991.0 290.0 136.0 7.0 70.0 7.0 1.0 
-991.0 286.0 136.0 6.0 76.0 7.0 1.0 
-935.0 291.0 39.0 325.0 183.0 61.0 0.0 
-957.0 116.0 427.0 303.0 84.0 84.0 0.0 
-924.0 177.0 173.0 52.0 55.0 147.0 0.0 
-920.0 148.0 154.0 44.0 66.0 176.0 0.0 
-928.0 134.0 334.0 29.0 75.0 189.0 0.0 
-948.0 46.0 161.0 34.0 65.0 340.0 0.0 
-936.0 17.0 136.0 10.0 90.0 64.0 0.0 
-945.0 10.0 132.0 7.0 92.0 368.0 1.0 
-934.0 9.0 131.0 5.0 96.0 26.0 1.0 
-932.0 10.0 9.0 7.0 507.0 31.0 1.0 
-848.0 10.0 494.0 6.0 83.0 10.0 1.0 
-811.0 365.0 136.0 8.0 20.0 9.0 0.0 
-822.0 29.0 174.0 7.0 77.0 11.0 1.0 
-824.0 25.0 263.0 7.0 143.0 11.0 1.0 
-808.0 419.0 129.0 9.0 111.0 8.0 1.0 
-801.0 408.0 115.0 13.0 120.0 9.0 0.0 
-820.0 39.0 237.0 8.0 184.0 12.0 1.0 
-820.0 35.0 232.0 7.0 190.0 10.0 1.0 
-809.0 375.0 251.0 9.0 174.0 9.0 1.0 
-792.0 264.0 110.0 76.0 145.0 38.0 0.0 
-795.0 256.0 92.0 71.0 130.0 41.0 0.0 
-790.0 251.0 82.0 93.0 145.0 43.0 0.0 
-804.0 214.0 69.0 74.0 112.0 60.0 0.0 
-802.0 199.0 65.0 80.0 129.0 60.0 0.0 
-808.0 86.0 127.0 56.0 91.0 52.0 0.0 
-839.0 46.0 41.0 30.0 282.0 107.0 0.0 
-832.0 6.0 6.0 16.0 307.0 45.0 -1.0 
-901.0 9.0 9.0 14.0 9.0 135.0 -1.0 
-916.0 6.0 6.0 12.0 8.0 192.0 -1.0 
-987.0 115.0 8.0 141.0 8.0 41.0 -1.0 
-987.0 120.0 8.0 141.0 9.0 53.0 -1.0 
-987.0 116.0 8.0 141.0 9.0 59.0 -1.0 
-990.0 437.0 8.0 134.0 8.0 89.0 0.0 
-989.0 344.0 8.0 136.0 8.0 97.0 -1.0 
-991.0 429.0 8.0 131.0 8.0 99.0 -1.0 
-1033.0 189.0 339.0 53.0 47.0 162.0 0.0 
-1044.0 7.0 122.0 6.0 96.0 182.0 1.0 
-994.0 112.0 146.0 6.0 126.0 7.0 1.0 
-992.0 144.0 140.0 6.0 131.0 7.0 1.0 
-964.0 155.0 72.0 100.0 209.0 246.0 0.0 
-987.0 196.0 84.0 56.0 94.0 154.0 0.0 
-977.0 8.0 15.0 9.0 77.0 173.0 1.0 
-949.0 6.0 38.0 5.0 497.0 463.0 1.0 
-896.0 6.0 9.0 8.0 141.0 9.0 1.0 
-815.0 350.0 193.0 64.0 67.0 76.0 0.0 
-814.0 318.0 154.0 67.0 66.0 77.0 0.0 
-813.0 282.0 109.0 74.0 61.0 83.0 0.0 
-768.0 10.0 7.0 187.0 140.0 93.0 -1.0 
-775.0 8.0 5.0 186.0 119.0 97.0 -1.0 
-833.0 64.0 63.0 41.0 111.0 101.0 0.0 
-853.0 20.0 22.0 14.0 487.0 403.0 0.0 
-865.0 9.0 18.0 7.0 104.0 490.0 1.0 
-832.0 15.0 15.0 6.0 320.0 15.0 1.0 
-807.0 6.0 9.0 8.0 141.0 8.0 1.0 
-722.0 179.0 138.0 8.0 26.0 9.0 1.0 
-722.0 175.0 139.0 8.0 32.0 8.0 1.0 
-723.0 122.0 141.0 8.0 45.0 9.0 1.0 
-705.0 369.0 92.0 41.0 166.0 23.0 0.0 
-664.0 292.0 43.0 322.0 188.0 59.0 0.0 
-656.0 229.0 6.0 105.0 213.0 99.0 -1.0 
-707.0 45.0 84.0 194.0 65.0 121.0 0.0 
-704.0 6.0 13.0 7.0 106.0 132.0 1.0 
-653.0 12.0 253.0 5.0 318.0 13.0 1.0 
-644.0 24.0 182.0 6.0 109.0 11.0 1.0 
-641.0 27.0 169.0 6.0 114.0 9.0 1.0 
-633.0 114.0 154.0 7.0 278.0 7.0 1.0 
-625.0 276.0 118.0 98.0 141.0 38.0 0.0 
-615.0 245.0 92.0 42.0 159.0 125.0 0.0 
-611.0 238.0 85.0 52.0 175.0 248.0 0.0 
-595.0 180.0 48.0 150.0 358.0 53.0 0.0 
-618.0 8.0 15.0 10.0 109.0 167.0 1.0 
-597.0 6.0 24.0 5.0 96.0 320.0 1.0 
-540.0 183.0 259.0 7.0 165.0 7.0 1.0 
-540.0 179.0 254.0 7.0 171.0 7.0 1.0 
-498.0 89.0 458.0 66.0 435.0 42.0 0.0 
-523.0 42.0 87.0 46.0 82.0 69.0 0.0 
-523.0 7.0 15.0 8.0 106.0 93.0 1.0 
-463.0 27.0 252.0 7.0 162.0 11.0 1.0 
-415.0 18.0 158.0 14.0 86.0 147.0 0.0 
-414.0 6.0 33.0 5.0 95.0 154.0 1.0 
-338.0 238.0 314.0 136.0 190.0 11.0 0.0 
-367.0 5.0 6.0 8.0 154.0 120.0 -1.0 
-446.0 176.0 7.0 233.0 8.0 190.0 -1.0 
-452.0 160.0 7.0 234.0 7.0 192.0 -1.0 
-499.0 162.0 106.0 73.0 26.0 395.0 0.0 
-496.0 115.0 80.0 230.0 270.0 420.0 0.0 
-465.0 8.0 8.0 15.0 186.0 107.0 -1.0 
-515.0 14.0 6.0 183.0 17.0 376.0 -1.0 
-539.0 164.0 8.0 228.0 8.0 196.0 -1.0 
-539.0 160.0 8.0 222.0 8.0 202.0 -1.0 
-576.0 175.0 87.0 88.0 13.0 363.0 0.0 
-566.0 9.0 8.0 25.0 87.0 98.0 -1.0 
-600.0 12.0 6.0 429.0 23.0 331.0 -1.0 
-629.0 348.0 8.0 136.0 8.0 129.0 -1.0 
-629.0 344.0 8.0 136.0 8.0 135.0 -1.0 
-628.0 176.0 8.0 272.0 9.0 149.0 -1.0 
-669.0 10.0 8.0 79.0 119.0 92.0 -1.0 
-669.0 6.0 5.0 49.0 122.0 95.0 -1.0 
-718.0 175.0 6.0 239.0 7.0 184.0 -1.0 
-776.0 9.0 40.0 7.0 93.0 332.0 1.0 
-763.0 7.0 172.0 5.0 94.0 145.0 1.0 
-717.0 168.0 251.0 7.0 177.0 7.0 1.0 
-729.0 32.0 182.0 6.0 364.0 8.0 1.0 
-710.0 118.0 202.0 15.0 224.0 10.0 0.0 
-638.0 139.0 173.0 29.0 95.0 39.0 0.0 
-658.0 29.0 108.0 14.0 90.0 47.0 0.0 
-659.0 11.0 93.0 5.0 98.0 20.0 1.0 
-630.0 78.0 110.0 7.0 133.0 7.0 1.0 
-630.0 74.0 105.0 7.0 133.0 7.0 1.0 
-629.0 62.0 89.0 7.0 136.0 7.0 1.0 
-632.0 54.0 74.0 6.0 129.0 7.0 1.0 
-626.0 50.0 76.0 8.0 144.0 7.0 0.0 
-622.0 14.0 24.0 14.0 151.0 10.0 0.0 
-617.0 6.0 12.0 7.0 168.0 12.0 1.0 
-566.0 11.0 302.0 5.0 43.0 15.0 1.0 
-540.0 482.0 134.0 7.0 25.0 7.0 0.0 
-523.0 264.0 87.0 48.0 104.0 25.0 0.0 
-516.0 116.0 264.0 146.0 132.0 56.0 0.0 
-528.0 180.0 24.0 145.0 148.0 94.0 0.0 
-517.0 12.0 5.0 151.0 13.0 102.0 -1.0 
-561.0 54.0 55.0 67.0 123.0 151.0 0.0 
-549.0 8.0 9.0 13.0 158.0 89.0 -1.0 
-606.0 15.0 6.0 52.0 17.0 142.0 -1.0 
-634.0 5.0 6.0 7.0 11.0 140.0 -1.0 
-724.0 481.0 9.0 124.0 8.0 27.0 0.0 
-727.0 480.0 11.0 124.0 8.0 31.0 0.0 
-727.0 456.0 20.0 111.0 15.0 60.0 0.0 
-724.0 406.0 27.0 108.0 23.0 125.0 0.0 
-720.0 358.0 31.0 224.0 31.0 201.0 0.0 
-728.0 302.0 38.0 164.0 28.0 252.0 0.0 
-715.0 229.0 44.0 102.0 52.0 110.0 0.0 
-683.0 11.0 6.0 178.0 49.0 94.0 -1.0 
-697.0 13.0 5.0 186.0 14.0 338.0 -1.0 
-733.0 93.0 34.0 172.0 21.0 246.0 0.0 
-692.0 8.0 25.0 7.0 102.0 316.0 1.0 
-659.0 11.0 27.0 5.0 306.0 19.0 1.0 
-634.0 6.0 8.0 7.0 142.0 9.0 1.0 
-556.0 19.0 195.0 6.0 20.0 10.0 1.0 
-576.0 10.0 394.0 6.0 500.0 39.0 1.0 
-556.0 18.0 211.0 5.0 237.0 10.0 1.0 
-541.0 314.0 245.0 7.0 177.0 7.0 1.0 
-542.0 145.0 225.0 6.0 198.0 7.0 1.0 
-539.0 361.0 231.0 7.0 193.0 7.0 1.0 
-541.0 318.0 201.0 7.0 223.0 7.0 1.0 
-553.0 129.0 148.0 72.0 45.0 115.0 0.0 
-600.0 9.0 30.0 8.0 211.0 355.0 1.0 
-583.0 7.0 51.0 5.0 496.0 147.0 1.0 
-546.0 32.0 41.0 7.0 121.0 9.0 1.0 
-541.0 8.0 11.0 10.0 133.0 10.0 1.0 
-473.0 16.0 311.0 7.0 29.0 11.0 1.0 
-455.0 71.0 147.0 8.0 23.0 9.0 1.0 
-449.0 478.0 131.0 9.0 31.0 8.0 1.0 
-453.0 120.0 141.0 8.0 46.0 9.0 1.0 
-453.0 116.0 141.0 8.0 52.0 9.0 1.0 
-379.0 5.0 6.0 12.0 138.0 106.0 -1.0 
-460.0 278.0 90.0 60.0 63.0 85.0 0.0 
-464.0 38.0 194.0 10.0 340.0 18.0 0.0 
-458.0 51.0 194.0 8.0 367.0 11.0 1.0 
-434.0 145.0 287.0 17.0 190.0 9.0 0.0 
-447.0 6.0 9.0 8.0 127.0 107.0 1.0 
-367.0 52.0 205.0 8.0 225.0 10.0 1.0 
-369.0 40.0 170.0 7.0 277.0 10.0 1.0 
-356.0 330.0 198.0 10.0 226.0 8.0 0.0 
-370.0 84.0 150.0 17.0 105.0 25.0 0.0 
-402.0 10.0 253.0 7.0 494.0 135.0 1.0 
-368.0 46.0 157.0 8.0 118.0 10.0 1.0 
-350.0 204.0 108.0 21.0 155.0 14.0 0.0 
-349.0 197.0 106.0 23.0 157.0 15.0 0.0 
-271.0 15.0 21.0 152.0 123.0 118.0 0.0 
-251.0 8.0 17.0 8.0 103.0 124.0 1.0 
-219.0 8.0 388.0 5.0 96.0 115.0 1.0 
-217.0 31.0 25.0 181.0 124.0 75.0 0.0 
-194.0 7.0 8.0 13.0 152.0 108.0 -1.0 
-243.0 11.0 5.0 385.0 17.0 99.0 -1.0 
-267.0 162.0 6.0 218.0 7.0 206.0 -1.0 
-269.0 358.0 7.0 220.0 7.0 204.0 -1.0 
-272.0 338.0 7.0 203.0 7.0 221.0 -1.0 
-282.0 172.0 19.0 106.0 12.0 164.0 0.0 
-254.0 7.0 14.0 7.0 106.0 192.0 1.0 
-203.0 13.0 170.0 5.0 102.0 14.0 1.0 
-183.0 97.0 207.0 6.0 219.0 7.0 1.0 
-159.0 119.0 273.0 34.0 211.0 15.0 0.0 
-172.0 49.0 82.0 49.0 116.0 37.0 0.0 
-134.0 8.0 445.0 6.0 494.0 55.0 1.0 
-50.0 202.0 71.0 343.0 145.0 30.0 0.0 
-93.0 296.0 127.0 76.0 59.0 85.0 0.0 
-86.0 237.0 55.0 90.0 85.0 78.0 0.0 
-75.0 74.0 144.0 83.0 107.0 54.0 0.0 
-90.0 6.0 9.0 9.0 133.0 89.0 1.0 
-6.0 59.0 150.0 7.0 132.0 9.0 1.0 
-4.0 92.0 219.0 8.0 206.0 9.0 1.0 
2.0 353.0 225.0 9.0 201.0 8.0 1.0 
-4.0 87.0 193.0 8.0 236.0 9.0 1.0 
-1.0 341.0 196.0 8.0 229.0 8.0 1.0 
1.0 337.0 198.0 8.0 227.0 8.0 1.0 
2.0 329.0 190.0 9.0 234.0 8.0 1.0 
7.0 312.0 178.0 15.0 242.0 11.0 0.0 
-19.0 19.0 215.0 7.0 105.0 14.0 1.0 
-5.0 70.0 147.0 7.0 123.0 9.0 1.0 
0.0 278.0 134.0 8.0 134.0 8.0 0.0 
-3.0 119.0 141.0 8.0 127.0 9.0 1.0 
-3.0 115.0 141.0 8.0 127.0 9.0 0.0 
15.0 255.0 105.0 18.0 293.0 10.0 0.0 
35.0 97.0 58.0 213.0 295.0 46.0 0.0 
53.0 9.0 7.0 153.0 352.0 94.0 -1.0 
31.0 10.0 5.0 153.0 21.0 98.0 -1.0 
-7.0 50.0 64.0 82.0 80.0 134.0 0.0 
-5.0 7.0 9.0 11.0 144.0 115.0 -1.0 
-56.0 9.0 5.0 72.0 27.0 156.0 -1.0 
-89.0 67.0 7.0 93.0 7.0 131.0 -1.0 
-77.0 22.0 5.0 27.0 9.0 146.0 -1.0 
-105.0 8.0 9.0 15.0 8.0 184.0 -1.0 
-159.0 17.0 6.0 315.0 12.0 28.0 -1.0 
-177.0 118.0 8.0 141.0 9.0 23.0 -1.0 
-183.0 482.0 9.0 127.0 8.0 26.0 -1.0 
-193.0 405.0 35.0 96.0 22.0 124.0 0.0 
-207.0 187.0 87.0 77.0 28.0 139.0 0.0 
-166.0 92.0 26.0 227.0 43.0 206.0 0.0 
-170.0 43.0 9.0 187.0 13.0 358.0 0.0 
-180.0 142.0 9.0 200.0 9.0 224.0 -1.0 
-191.0 112.0 18.0 197.0 12.0 229.0 0.0 
-164.0 37.0 17.0 41.0 31.0 133.0 0.0 
-160.0 26.0 11.0 27.0 25.0 179.0 0.0 
-164.0 10.0 8.0 11.0 14.0 188.0 -1.0 
-212.0 7.0 6.0 27.0 9.0 507.0 -1.0 
-266.0 86.0 7.0 144.0 9.0 20.0 -1.0 
-297.0 275.0 55.0 147.0 17.0 58.0 0.0 
-292.0 212.0 86.0 73.0 36.0 113.0 0.0 
-298.0 153.0 216.0 39.0 66.0 172.0 0.0 
-273.0 52.0 146.0 10.0 132.0 125.0 1.0 
-254.0 7.0 14.0 7.0 61.0 191.0 1.0 
-207.0 11.0 27.0 5.0 310.0 16.0 1.0 
-171.0 6.0 10.0 7.0 157.0 9.0 1.0 
-93.0 115.0 141.0 8.0 17.0 9.0 1.0 
-103.0 95.0 224.0 25.0 206.0 40.0 0.0 
-106.0 33.0 189.0 10.0 104.0 18.0 0.0 
-113.0 19.0 249.0 8.0 100.0 20.0 1.0 
-113.0 15.0 253.0 6.0 102.0 16.0 1.0 
-91.0 334.0 185.0 8.0 240.0 8.0 1.0 
-109.0 20.0 95.0 7.0 104.0 15.0 1.0 
-100.0 34.0 99.0 7.0 115.0 10.0 1.0 
-91.0 77.0 108.0 8.0 132.0 8.0 1.0 
-48.0 11.0 163.0 8.0 493.0 42.0 1.0 
-34.0 11.0 463.0 6.0 239.0 33.0 1.0 
-1.0 358.0 136.0 8.0 71.0 9.0 0.0 
58.0 9.0 8.0 37.0 141.0 95.0 -1.0 
55.0 6.0 5.0 29.0 142.0 97.0 -1.0 
-22.0 178.0 113.0 72.0 37.0 171.0 0.0 
-15.0 57.0 208.0 17.0 330.0 29.0 0.0 
-17.0 32.0 178.0 10.0 330.0 20.0 0.0 
-25.0 18.0 163.0 8.0 99.0 22.0 0.0 
-19.0 19.0 166.0 7.0 105.0 14.0 1.0 
-4.0 88.0 193.0 8.0 234.0 9.0 1.0 
4.0 8.0 12.0 11.0 121.0 70.0 1.0 
36.0 6.0 32.0 5.0 298.0 56.0 1.0 
83.0 78.0 185.0 12.0 251.0 15.0 0.0 
77.0 34.0 174.0 9.0 108.0 14.0 0.0 
76.0 22.0 183.0 6.0 110.0 10.0 1.0 
86.0 74.0 146.0 6.0 125.0 7.0 1.0 
90.0 306.0 150.0 7.0 275.0 7.0 1.0 
178.0 10.0 146.0 13.0 133.0 124.0 1.0 
196.0 422.0 112.0 5.0 108.0 195.0 1.0 
268.0 7.0 148.0 10.0 138.0 126.0 1.0 
347.0 51.0 59.0 95.0 135.0 58.0 0.0 
339.0 8.0 8.0 20.0 225.0 100.0 -1.0 
318.0 6.0 5.0 99.0 328.0 94.0 -1.0 
265.0 6.0 9.0 10.0 24.0 126.0 -1.0 
192.0 29.0 7.0 174.0 11.0 41.0 -1.0 
178.0 470.0 9.0 129.0 8.0 41.0 -1.0 
184.0 86.0 7.0 144.0 9.0 58.0 -1.0 
178.0 458.0 9.0 129.0 8.0 57.0 -1.0 
182.0 172.0 8.0 139.0 8.0 114.0 -1.0 
171.0 407.0 13.0 114.0 10.0 121.0 0.0 
187.0 50.0 7.0 225.0 10.0 198.0 -1.0 
175.0 341.0 21.0 216.0 18.0 210.0 0.0 
180.0 296.0 23.0 134.0 23.0 119.0 0.0 
196.0 22.0 7.0 275.0 12.0 123.0 -1.0 
185.0 70.0 7.0 147.0 9.0 123.0 -1.0 
187.0 49.0 7.0 265.0 9.0 148.0 -1.0 
144.0 186.0 152.0 73.0 29.0 354.0 0.0 
132.0 176.0 118.0 37.0 63.0 383.0 0.0 
126.0 168.0 100.0 11.0 95.0 406.0 1.0 
166.0 6.0 7.0 13.0 172.0 343.0 -1.0 
94.0 92.0 8.0 197.0 9.0 232.0 0.0 
78.0 252.0 40.0 94.0 26.0 145.0 0.0 
59.0 146.0 105.0 163.0 26.0 269.0 0.0 
44.0 94.0 230.0 467.0 33.0 270.0 0.0 
59.0 99.0 205.0 54.0 51.0 296.0 0.0 
89.0 111.0 119.0 160.0 115.0 25.0 0.0 
131.0 98.0 70.0 74.0 427.0 432.0 0.0 
123.0 84.0 69.0 72.0 325.0 238.0 0.0 
96.0 7.0 11.0 9.0 58.0 147.0 1.0 
152.0 11.0 34.0 5.0 308.0 17.0 1.0 
186.0 9.0 15.0 11.0 147.0 9.0 1.0 
207.0 6.0 19.0 6.0 310.0 9.0 1.0 
272.0 488.0 129.0 9.0 17.0 8.0 1.0 
269.0 356.0 136.0 8.0 30.0 8.0 1.0 
269.0 348.0 136.0 8.0 53.0 8.0 1.0 
268.0 178.0 138.0 8.0 77.0 9.0 1.0 
269.0 344.0 136.0 8.0 87.0 8.0 1.0 
296.0 210.0 67.0 114.0 116.0 39.0 0.0 
303.0 65.0 264.0 261.0 45.0 106.0 0.0 
323.0 9.0 323.0 5.0 95.0 39.0 1.0 
356.0 113.0 149.0 6.0 125.0 7.0 1.0 
414.0 37.0 211.0 57.0 282.0 139.0 0.0 
404.0 10.0 195.0 7.0 92.0 305.0 1.0 
416.0 9.0 195.0 5.0 301.0 110.0 1.0 
449.0 187.0 261.0 7.0 161.0 7.0 0.0 
442.0 38.0 205.0 6.0 226.0 8.0 1.0 
452.0 148.0 216.0 7.0 207.0 7.0 1.0 
454.0 132.0 201.0 9.0 222.0 8.0 0.0 
454.0 108.0 164.0 143.0 254.0 9.0 0.0 
465.0 9.0 17.0 10.0 133.0 269.0 1.0 
465.0 5.0 10.0 5.0 130.0 270.0 1.0 
540.0 262.0 134.0 7.0 134.0 7.0 1.0 
590.0 9.0 7.0 128.0 374.0 92.0 -1.0 
574.0 9.0 5.0 126.0 27.0 96.0 -1.0 
488.0 79.0 55.0 63.0 441.0 307.0 0.0 
478.0 14.0 23.0 12.0 75.0 299.0 0.0 
476.0 6.0 17.0 5.0 55.0 299.0 1.0 
533.0 14.0 17.0 6.0 141.0 8.0 1.0 
548.0 6.0 10.0 7.0 156.0 7.0 1.0 
628.0 172.0 139.0 8.0 14.0 8.0 1.0 
632.0 436.0 125.0 13.0 88.0 12.0 0.0 
616.0 24.0 184.0 7.0 287.0 11.0 1.0 
632.0 349.0 216.0 9.0 207.0 8.0 1.0 
594.0 44.0 193.0 26.0 480.0 165.0 0.0 
578.0 11.0 72.0 8.0 92.0 329.0 1.0 
586.0 8.0 171.0 6.0 94.0 329.0 1.0 
635.0 159.0 247.0 10.0 184.0 8.0 0.0 
643.0 7.0 14.0 8.0 127.0 39.0 1.0 
700.0 17.0 291.0 6.0 87.0 14.0 1.0 
723.0 444.0 127.0 9.0 76.0 8.0 1.0 
773.0 258.0 6.0 104.0 199.0 95.0 -1.0 
738.0 105.0 230.0 211.0 11.0 107.0 1.0 
889.0 31.0 169.0 7.0 114.0 10.0 1.0 
898.0 169.0 140.0 7.0 131.0 7.0 1.0 
898.0 165.0 140.0 6.0 131.0 7.0 1.0 
902.0 6.0 9.0 8.0 156.0 265.0 1.0 
1023.0 7.0 31.0 6.0 301.0 60.0 1.0 
1081.0 437.0 131.0 9.0 88.0 9.0 0.0 
1064.0 23.0 212.0 7.0 236.0 13.0 1.0 
1079.0 355.0 247.0 8.0 176.0 8.0 1.0 
1079.0 351.0 242.0 8.0 182.0 8.0 1.0 
1079.0 347.0 236.0 8.0 188.0 8.0 1.0 
1076.0 90.0 144.0 8.0 125.0 9.0 1.0 
1076.0 86.0 144.0 7.0 125.0 9.0 1.0 
1090.0 70.0 121.0 84.0 62.0 79.0 0.0 
1107.0 7.0 22.0 7.0 100.0 73.0 1.0 
1140.0 10.0 442.0 5.0 283.0 19.0 1.0 
1170.0 423.0 134.0 7.0 109.0 7.0 0.0 
1155.0 24.0 187.0 7.0 108.0 12.0 1.0 
1155.0 20.0 189.0 6.0 109.0 10.0 1.0 
1155.0 19.0 189.0 5.0 109.0 10.0 1.0 
1169.0 261.0 136.0 6.0 132.0 7.0 1.0 
1178.0 223.0 111.0 17.0 148.0 13.0 0.0 
1196.0 51.0 142.0 49.0 56.0 115.0 0.0 
1184.0 7.0 14.0 8.0 107.0 137.0 1.0 
1225.0 9.0 385.0 5.0 96.0 30.0 1.0 
1256.0 71.0 226.0 6.0 196.0 7.0 0.0 
1318.0 261.0 28.0 96.0 211.0 80.0 0.0 
1326.0 238.0 22.0 98.0 222.0 88.0 0.0 
1343.0 5.0 7.0 9.0 153.0 119.0 -1.0 
1265.0 61.0 6.0 242.0 8.0 179.0 -1.0 
1259.0 181.0 7.0 261.0 7.0 165.0 -1.0 
1242.0 83.0 89.0 175.0 47.0 248.0 0.0 
1238.0 9.0 9.0 22.0 287.0 100.0 -1.0 
1209.0 9.0 6.0 234.0 58.0 497.0 -1.0 
1171.0 228.0 8.0 136.0 8.0 131.0 -1.0 
1177.0 84.0 38.0 106.0 48.0 90.0 0.0 
1205.0 9.0 11.0 8.0 64.0 497.0 1.0 
1214.0 6.0 8.0 5.0 483.0 492.0 1.0 
1316.0 11.0 501.0 6.0 43.0 8.0 1.0 
1341.0 40.0 161.0 7.0 81.0 10.0 1.0 
1348.0 175.0 139.0 8.0 76.0 8.0 1.0 
1345.0 156.0 236.0 17.0 184.0 21.0 0.0 
1326.0 18.0 260.0 8.0 100.0 21.0 1.0 
1331.0 19.0 216.0 6.0 323.0 14.0 1.0 
1350.0 351.0 212.0 8.0 211.0 8.0 1.0 
1348.0 176.0 178.0 8.0 248.0 9.0 1.0 
1347.0 117.0 159.0 8.0 271.0 9.0 1.0 
1365.0 310.0 198.0 22.0 231.0 12.0 0.0 
1362.0 302.0 174.0 21.0 244.0 14.0 0.0 
1381.0 160.0 333.0 76.0 226.0 18.0 0.0 
1347.0 166.0 223.0 41.0 201.0 46.0 0.0 
1346.0 102.0 135.0 32.0 101.0 37.0 0.0 
1348.0 7.0 10.0 11.0 136.0 26.0 -1.0 
1285.0 14.0 6.0 15.0 17.0 313.0 -1.0 
1250.0 6.0 8.0 11.0 8.0 164.0 -1.0 
1172.0 175.0 8.0 139.0 8.0 21.0 -1.0 
1201.0 14.0 7.0 408.0 30.0 433.0 -1.0 
1189.0 18.0 6.0 216.0 13.0 248.0 -1.0 
1158.0 256.0 41.0 93.0 27.0 143.0 0.0 
1169.0 128.0 80.0 185.0 77.0 64.0 0.0 
1172.0 108.0 75.0 148.0 81.0 62.0 0.0 
1172.0 76.0 72.0 105.0 77.0 65.0 0.0 
1144.0 6.0 6.0 17.0 80.0 99.0 -1.0 
1089.0 33.0 6.0 273.0 8.0 136.0 -1.0 
1091.0 27.0 6.0 218.0 9.0 214.0 -1.0 
1053.0 140.0 116.0 351.0 37.0 202.0 0.0 
1015.0 102.0 46.0 210.0 108.0 274.0 0.0 
1008.0 196.0 44.0 209.0 127.0 249.0 0.0 
1004.0 180.0 42.0 204.0 145.0 242.0 0.0 
1022.0 133.0 13.0 322.0 58.0 89.0 0.0 
1032.0 144.0 7.0 308.0 192.0 92.0 -1.0 
1032.0 140.0 5.0 305.0 195.0 94.0 -1.0 
1035.0 7.0 159.0 5.0 94.0 341.0 1.0 
1082.0 155.0 227.0 7.0 197.0 7.0 1.0 
1096.0 128.0 255.0 20.0 201.0 11.0 0.0 
1150.0 17.0 164.0 6.0 103.0 14.0 1.0 
1156.0 20.0 169.0 5.0 344.0 9.0 1.0 
1165.0 59.0 173.0 6.0 384.0 8.0 1.0 
1153.0 19.0 51.0 6.0 115.0 11.0 1.0 
1166.0 41.0 55.0 7.0 125.0 8.0 1.0 
1166.0 37.0 49.0 6.0 125.0 7.0 1.0 
1173.0 33.0 50.0 7.0 141.0 7.0 1.0 
1166.0 25.0 34.0 6.0 125.0 7.0 1.0 
1193.0 6.0 16.0 6.0 316.0 9.0 1.0 
1246.0 21.0 183.0 6.0 24.0 10.0 1.0 
1257.0 96.0 141.0 6.0 24.0 7.0 1.0 
1257.0 97.0 141.0 6.0 36.0 7.0 1.0 
1259.0 301.0 136.0 7.0 46.0 7.0 1.0 
1259.0 297.0 136.0 7.0 52.0 7.0 1.0 
1259.0 293.0 136.0 7.0 58.0 7.0 1.0 
1276.0 287.0 90.0 42.0 116.0 23.0 0.0 
1281.0 214.0 84.0 57.0 119.0 25.0 0.0 
1315.0 9.0 8.0 135.0 169.0 93.0 -1.0 
1302.0 7.0 5.0 331.0 169.0 94.0 -1.0 
1264.0 126.0 6.0 144.0 7.0 125.0 -1.0 
1258.0 323.0 7.0 129.0 7.0 139.0 -1.0 
1240.0 267.0 100.0 101.0 21.0 216.0 0.0 
1195.0 46.0 124.0 45.0 91.0 168.0 0.0 
1248.0 25.0 198.0 6.0 351.0 9.0 1.0 
1264.0 158.0 241.0 8.0 188.0 7.0 1.0 
1256.0 73.0 167.0 6.0 390.0 7.0 1.0 
1256.0 77.0 146.0 7.0 125.0 8.0 1.0 
1256.0 73.0 141.0 6.0 125.0 7.0 1.0 
1260.0 102.0 145.0 7.0 134.0 7.0 1.0 
1260.0 98.0 139.0 7.0 134.0 7.0 1.0 
1288.0 46.0 141.0 43.0 271.0 31.0 0.0 
1310.0 9.0 446.0 6.0 496.0 56.0 1.0 
1345.0 74.0 147.0 8.0 118.0 10.0 1.0 
1342.0 47.0 250.0 8.0 166.0 11.0 1.0 
1342.0 43.0 245.0 7.0 173.0 10.0 1.0 
1344.0 60.0 215.0 8.0 210.0 10.0 1.0 
1346.0 91.0 201.0 8.0 225.0 9.0 1.0 
1346.0 87.0 195.0 8.0 231.0 9.0 1.0 
1352.0 341.0 205.0 9.0 218.0 8.0 1.0 
1335.0 23.0 189.0 6.0 109.0 12.0 1.0 
1357.0 303.0 162.0 10.0 253.0 8.0 0.0 
1396.0 38.0 418.0 227.0 273.0 82.0 0.0 
1384.0 8.0 35.0 211.0 94.0 103.0 -1.0 
1292.0 14.0 53.0 12.0 501.0 393.0 0.0 
1286.0 9.0 25.0 8.0 354.0 284.0 1.0 
1317.0 11.0 114.0 6.0 96.0 29.0 1.0 
1349.0 108.0 150.0 8.0 131.0 8.0 1.0 
1350.0 88.0 124.0 8.0 134.0 8.0 1.0 
1350.0 84.0 119.0 8.0 134.0 8.0 1.0 
1338.0 32.0 43.0 7.0 118.0 12.0 1.0 
1345.0 32.0 42.0 8.0 123.0 9.0 0.0 
1348.0 8.0 11.0 9.0 135.0 9.0 1.0 
1404.0 10.0 497.0 6.0 64.0 10.0 1.0 
1453.0 314.0 83.0 57.0 105.0 35.0 0.0 
1438.0 372.0 234.0 46.0 189.0 49.0 0.0 
1453.0 369.0 78.0 65.0 166.0 40.0 0.0 
1461.0 90.0 254.0 168.0 79.0 75.0 0.0 
1465.0 49.0 95.0 233.0 71.0 85.0 0.0 
1477.0 9.0 53.0 209.0 93.0 100.0 -1.0 
1381.0 104.0 207.0 91.0 12.0 101.0 0.0 
1368.0 64.0 134.0 68.0 44.0 127.0 0.0 
1371.0 7.0 17.0 7.0 102.0 230.0 1.0 
1436.0 87.0 202.0 8.0 224.0 9.0 1.0 
1441.0 54.0 78.0 32.0 112.0 31.0 0.0 
1413.0 5.0 5.0 10.0 306.0 32.0 -1.0 
1354.0 6.0 6.0 7.0 7.0 144.0 -1.0 
1260.0 491.0 8.0 134.0 8.0 12.0 -1.0 
1259.0 484.0 8.0 131.0 8.0 23.0 -1.0 
1195.0 14.0 22.0 274.0 99.0 99.0 -1.0 
1179.0 35.0 6.0 160.0 120.0 116.0 -1.0 
1175.0 59.0 6.0 147.0 131.0 123.0 -1.0 
1167.0 344.0 12.0 123.0 11.0 137.0 0.0 
1104.0 9.0 23.0 9.0 98.0 360.0 1.0 
1114.0 6.0 26.0 5.0 96.0 345.0 1.0 
1224.0 11.0 372.0 6.0 94.0 41.0 1.0 
1243.0 18.0 201.0 6.0 291.0 11.0 1.0 
1255.0 57.0 202.0 6.0 225.0 7.0 1.0 
1260.0 344.0 202.0 7.0 221.0 7.0 1.0 
1242.0 70.0 99.0 24.0 87.0 48.0 0.0 
1255.0 6.0 8.0 10.0 146.0 17.0 -1.0 
1179.0 7.0 7.0 9.0 10.0 157.0 -1.0 
1115.0 8.0 5.0 499.0 9.0 54.0 -1.0 
1066.0 371.0 19.0 132.0 11.0 38.0 0.0 
1056.0 183.0 114.0 63.0 43.0 143.0 0.0 
1044.0 99.0 283.0 426.0 80.0 223.0 0.0 
1059.0 78.0 204.0 237.0 91.0 41.0 0.0 
1065.0 5.0 6.0 11.0 121.0 108.0 -1.0 
996.0 50.0 6.0 245.0 8.0 173.0 -1.0 
998.0 38.0 6.0 199.0 8.0 234.0 -1.0 
989.0 352.0 7.0 217.0 7.0 207.0 -1.0 
1016.0 50.0 140.0 48.0 58.0 169.0 0.0 
992.0 6.0 10.0 9.0 128.0 140.0 1.0 
1069.0 31.0 233.0 7.0 190.0 10.0 1.0 
1066.0 28.0 179.0 8.0 343.0 13.0 1.0 
1068.0 29.0 178.0 7.0 351.0 11.0 1.0 
1068.0 5.0 6.0 9.0 173.0 46.0 -1.0 
994.0 13.0 6.0 17.0 7.0 133.0 -1.0 
985.0 9.0 8.0 14.0 7.0 147.0 -1.0 
948.0 8.0 6.0 119.0 8.0 495.0 -1.0 
912.0 30.0 7.0 173.0 11.0 65.0 -1.0 
898.0 461.0 9.0 129.0 8.0 54.0 -1.0 
876.0 241.0 32.0 95.0 12.0 84.0 0.0 
837.0 9.0 27.0 8.0 97.0 173.0 1.0 
847.0 6.0 133.0 5.0 96.0 169.0 1.0 
890.0 102.0 166.0 250.0 116.0 9.0 -1.0 
721.0 191.0 6.0 138.0 7.0 133.0 -1.0 
670.0 31.0 86.0 24.0 478.0 416.0 0.0 
657.0 7.0 21.0 6.0 249.0 305.0 1.0 
712.0 38.0 47.0 7.0 118.0 10.0 1.0 
720.0 25.0 36.0 8.0 134.0 8.0 1.0 
717.0 5.0 7.0 8.0 140.0 9.0 -1.0 
526.0 23.0 185.0 6.0 111.0 11.0 1.0 
535.0 61.0 148.0 6.0 124.0 8.0 1.0 
546.0 128.0 114.0 19.0 141.0 15.0 0.0 
553.0 40.0 75.0 47.0 168.0 115.0 0.0 
556.0 9.0 19.0 10.0 165.0 252.0 1.0 
578.0 7.0 50.0 6.0 498.0 426.0 1.0 
632.0 69.0 102.0 9.0 139.0 8.0 1.0 
633.0 41.0 62.0 11.0 139.0 10.0 0.0 
620.0 34.0 41.0 7.0 117.0 11.0 1.0 
632.0 9.0 14.0 9.0 138.0 9.0 1.0 
648.0 6.0 13.0 6.0 204.0 9.0 1.0 
728.0 445.0 110.0 20.0 74.0 15.0 0.0 
739.0 261.0 94.0 36.0 83.0 17.0 0.0 
671.0 11.0 120.0 8.0 493.0 247.0 1.0 
686.0 11.0 255.0 6.0 300.0 32.0 1.0 
731.0 247.0 112.0 13.0 167.0 8.0 0.0 
737.0 222.0 94.0 37.0 177.0 20.0 0.0 
679.0 10.0 7.0 32.0 470.0 458.0 -1.0 
666.0 8.0 5.0 29.0 33.0 501.0 -1.0 
625.0 8.0 8.0 13.0 7.0 146.0 -1.0 
583.0 8.0 6.0 492.0 8.0 243.0 -1.0 
553.0 74.0 19.0 205.0 31.0 237.0 0.0 
555.0 26.0 7.0 188.0 13.0 108.0 -1.0 
548.0 43.0 7.0 157.0 10.0 118.0 -1.0 
540.0 256.0 8.0 134.0 8.0 134.0 -1.0 
540.0 252.0 8.0 134.0 8.0 134.0 -1.0 
524.0 237.0 16.0 106.0 9.0 192.0 0.0 
511.0 249.0 49.0 90.0 14.0 294.0 0.0 
519.0 225.0 41.0 91.0 18.0 206.0 0.0 
546.0 162.0 40.0 208.0 49.0 346.0 0.0 
542.0 121.0 44.0 166.0 47.0 94.0 0.0 
574.0 15.0 8.0 87.0 44.0 94.0 -1.0 
574.0 11.0 6.0 84.0 32.0 96.0 -1.0 
464.0 28.0 7.0 272.0 13.0 131.0 -1.0 
456.0 60.0 8.0 150.0 10.0 113.0 -1.0 
443.0 369.0 19.0 366.0 14.0 170.0 0.0 
484.0 13.0 7.0 174.0 38.0 95.0 -1.0 
452.0 163.0 8.0 223.0 9.0 199.0 -1.0 
452.0 159.0 8.0 218.0 9.0 205.0 -1.0 
494.0 10.0 6.0 38.0 399.0 494.0 -1.0 
462.0 29.0 7.0 40.0 11.0 120.0 -1.0 
449.0 6.0 8.0 9.0 10.0 134.0 -1.0 
377.0 17.0 5.0 202.0 10.0 24.0 -1.0 
361.0 290.0 7.0 136.0 7.0 22.0 -1.0 
361.0 286.0 6.0 136.0 7.0 27.0 -1.0 
360.0 473.0 7.0 134.0 7.0 38.0 -1.0 
321.0 134.0 148.0 488.0 15.0 57.0 0.0 
331.0 267.0 79.0 123.0 22.0 69.0 0.0 
380.0 61.0 23.0 224.0 50.0 307.0 0.0 
392.0 12.0 6.0 183.0 29.0 507.0 -1.0 
376.0 20.0 6.0 200.0 11.0 336.0 -1.0 
362.0 154.0 7.0 234.0 7.0 188.0 -1.0 
362.0 154.0 7.0 217.0 7.0 206.0 -1.0 
362.0 150.0 7.0 212.0 7.0 212.0 -1.0 
362.0 146.0 6.0 206.0 7.0 217.0 0.0 
359.0 143.0 7.0 206.0 7.0 217.0 -1.0 
359.0 135.0 7.0 194.0 7.0 228.0 -1.0 
356.0 6.0 8.0 10.0 38.0 123.0 -1.0 
293.0 13.0 5.0 288.0 13.0 86.0 -1.0 
248.0 193.0 100.0 66.0 42.0 131.0 0.0 
277.0 337.0 64.0 169.0 82.0 62.0 0.0 
314.0 9.0 6.0 247.0 253.0 494.0 -1.0 
290.0 14.0 5.0 269.0 12.0 134.0 -1.0 
278.0 37.0 6.0 280.0 8.0 127.0 -1.0 
273.0 96.0 6.0 141.0 7.0 127.0 -1.0 
267.0 184.0 9.0 275.0 8.0 156.0 0.0 
271.0 172.0 7.0 239.0 7.0 185.0 0.0 
245.0 107.0 82.0 283.0 30.0 216.0 0.0 
179.0 375.0 81.0 62.0 78.0 174.0 0.0 
185.0 336.0 52.0 174.0 62.0 79.0 0.0 
189.0 194.0 39.0 237.0 55.0 185.0 0.0 
180.0 21.0 30.0 30.0 44.0 112.0 0.0 
192.0 6.0 11.0 7.0 50.0 173.0 1.0 
265.0 11.0 15.0 8.0 139.0 9.0 1.0 
271.0 7.0 10.0 9.0 136.0 8.0 1.0 
342.0 20.0 208.0 7.0 22.0 11.0 1.0 
358.0 178.0 138.0 8.0 20.0 9.0 1.0 
354.0 58.0 150.0 7.0 66.0 9.0 1.0 
360.0 434.0 132.0 9.0 93.0 9.0 0.0 
388.0 235.0 90.0 49.0 97.0 15.0 0.0 
402.0 94.0 63.0 381.0 120.0 37.0 0.0 
412.0 34.0 27.0 224.0 152.0 74.0 0.0 
410.0 8.0 6.0 132.0 170.0 94.0 -1.0 
379.0 15.0 5.0 218.0 11.0 106.0 -1.0 
370.0 85.0 87.0 150.0 60.0 105.0 0.0 
347.0 220.0 36.0 96.0 258.0 154.0 0.0 
283.0 7.0 13.0 8.0 212.0 221.0 1.0 
344.0 22.0 124.0 7.0 108.0 12.0 1.0 
372.0 6.0 12.0 7.0 147.0 24.0 1.0 
431.0 16.0 307.0 5.0 56.0 12.0 1.0 
426.0 34.0 239.0 15.0 91.0 39.0 0.0 
423.0 14.0 342.0 7.0 98.0 21.0 1.0 
426.0 12.0 345.0 5.0 101.0 14.0 1.0 
448.0 152.0 151.0 7.0 129.0 7.0 1.0 
428.0 15.0 265.0 6.0 143.0 14.0 1.0 
463.0 190.0 98.0 31.0 157.0 19.0 0.0 
426.0 26.0 148.0 11.0 95.0 30.0 0.0 
432.0 31.0 151.0 10.0 101.0 21.0 0.0 
437.0 26.0 145.0 6.0 111.0 11.0 1.0 
417.0 10.0 43.0 5.0 301.0 26.0 1.0 
441.0 22.0 27.0 6.0 132.0 8.0 1.0 
448.0 6.0 8.0 8.0 137.0 9.0 1.0 
521.0 15.0 322.0 5.0 23.0 11.0 1.0 
565.0 270.0 133.0 67.0 57.0 24.0 0.0 
559.0 212.0 67.0 88.0 110.0 43.0 0.0 
567.0 13.0 6.0 207.0 109.0 98.0 -1.0 
552.0 25.0 6.0 174.0 128.0 113.0 -1.0 
540.0 165.0 7.0 134.0 7.0 134.0 -1.0 
540.0 161.0 7.0 134.0 7.0 134.0 -1.0 
540.0 157.0 7.0 134.0 7.0 134.0 -1.0 
539.0 149.0 7.0 131.0 7.0 136.0 -1.0 
539.0 145.0 7.0 131.0 7.0 136.0 -1.0 
539.0 141.0 7.0 131.0 7.0 136.0 -1.0 
541.0 129.0 7.0 135.0 8.0 131.0 0.0 
549.0 127.0 6.0 155.0 8.0 117.0 -1.0 
542.0 75.0 110.0 103.0 34.0 112.0 0.0 
522.0 9.0 9.0 19.0 256.0 157.0 -1.0 
495.0 8.0 6.0 68.0 432.0 494.0 -1.0 
449.0 52.0 9.0 75.0 9.0 135.0 0.0 
451.0 5.0 7.0 7.0 15.0 136.0 1.0 
547.0 6.0 10.0 8.0 153.0 7.0 1.0 
627.0 124.0 141.0 8.0 44.0 9.0 1.0 
627.0 120.0 141.0 8.0 49.0 9.0 1.0 
627.0 116.0 141.0 8.0 55.0 9.0 1.0 
625.0 73.0 147.0 8.0 76.0 9.0 1.0 
625.0 69.0 147.0 7.0 83.0 9.0 1.0 
637.0 326.0 200.0 55.0 224.0 43.0 0.0 
632.0 300.0 145.0 52.0 95.0 48.0 0.0 
597.0 14.0 215.0 7.0 504.0 36.0 1.0 
613.0 22.0 234.0 7.0 200.0 13.0 1.0 
633.0 127.0 189.0 17.0 233.0 15.0 0.0 
613.0 22.0 33.0 7.0 151.0 14.0 1.0 
631.0 21.0 31.0 8.0 136.0 8.0 1.0 
631.0 17.0 25.0 8.0 136.0 8.0 1.0 
635.0 9.0 15.0 10.0 146.0 8.0 1.0 
652.0 6.0 15.0 6.0 320.0 8.0 1.0 
719.0 355.0 136.0 8.0 23.0 8.0 1.0 
710.0 88.0 178.0 18.0 269.0 26.0 0.0 
719.0 330.0 181.0 20.0 245.0 20.0 0.0 
701.0 75.0 166.0 27.0 84.0 56.0 0.0 
699.0 56.0 120.0 21.0 88.0 49.0 0.0 
685.0 11.0 86.0 6.0 95.0 39.0 1.0 
717.0 77.0 104.0 8.0 127.0 9.0 1.0 
717.0 73.0 98.0 8.0 127.0 8.0 1.0 
721.0 61.0 88.0 9.0 136.0 8.0 0.0 
718.0 53.0 73.0 8.0 129.0 9.0 1.0 
718.0 49.0 67.0 8.0 129.0 9.0 1.0 
718.0 45.0 62.0 8.0 129.0 9.0 1.0 
721.0 37.0 54.0 8.0 136.0 8.0 1.0 
716.0 21.0 28.0 8.0 125.0 9.0 1.0 
717.0 13.0 18.0 8.0 129.0 9.0 1.0 
725.0 5.0 8.0 7.0 147.0 8.0 1.0 
802.0 36.0 157.0 6.0 17.0 8.0 1.0 
833.0 229.0 55.0 129.0 96.0 52.0 0.0 
799.0 265.0 73.0 86.0 70.0 127.0 0.0 
794.0 69.0 157.0 21.0 92.0 39.0 0.0 
849.0 8.0 63.0 6.0 329.0 65.0 1.0 
876.0 12.0 264.0 5.0 193.0 14.0 1.0 
906.0 430.0 121.0 8.0 94.0 7.0 0.0 
916.0 441.0 106.0 13.0 88.0 7.0 0.0 
882.0 17.0 215.0 5.0 238.0 11.0 1.0 
880.0 14.0 224.0 5.0 104.0 12.0 1.0 
903.0 338.0 204.0 7.0 219.0 7.0 0.0 
896.0 72.0 144.0 6.0 125.0 7.0 1.0 
900.0 204.0 68.0 72.0 135.0 72.0 0.0 
976.0 5.0 6.0 11.0 182.0 109.0 -1.0 
910.0 29.0 6.0 165.0 8.0 115.0 -1.0 
913.0 24.0 6.0 148.0 10.0 111.0 -1.0 
906.0 122.0 6.0 150.0 8.0 121.0 -1.0 
900.0 117.0 7.0 134.0 7.0 134.0 -1.0 
929.0 20.0 65.0 18.0 86.0 119.0 0.0 
953.0 10.0 378.0 6.0 95.0 46.0 1.0 
990.0 366.0 234.0 8.0 189.0 8.0 1.0 
990.0 362.0 228.0 8.0 195.0 8.0 0.0 
985.0 76.0 195.0 8.0 233.0 10.0 1.0 
985.0 72.0 190.0 8.0 239.0 9.0 1.0 
985.0 68.0 185.0 7.0 245.0 9.0 1.0 
989.0 331.0 180.0 9.0 244.0 9.0 1.0 
989.0 327.0 175.0 9.0 250.0 9.0 1.0 
989.0 323.0 169.0 9.0 256.0 9.0 1.0 
1000.0 112.0 6.0 134.0 9.0 116.0 -1.0 
1007.0 78.0 159.0 84.0 29.0 111.0 0.0 
998.0 63.0 105.0 79.0 47.0 127.0 0.0 
1027.0 45.0 258.0 36.0 65.0 119.0 0.0 
1023.0 7.0 30.0 6.0 96.0 141.0 1.0 
1079.0 357.0 220.0 8.0 204.0 8.0 1.0 
1082.0 351.0 221.0 9.0 205.0 8.0 1.0 
1059.0 19.0 212.0 7.0 322.0 16.0 1.0 
1056.0 81.0 79.0 50.0 71.0 131.0 0.0 
1061.0 34.0 36.0 37.0 153.0 76.0 0.0 
1072.0 6.0 7.0 10.0 155.0 42.0 -1.0 
1003.0 22.0 6.0 25.0 9.0 149.0 -1.0 
995.0 13.0 6.0 18.0 7.0 135.0 -1.0 
984.0 9.0 8.0 15.0 7.0 150.0 -1.0 
976.0 6.0 7.0 11.0 7.0 181.0 -1.0 
899.0 490.0 8.0 131.0 8.0 14.0 -1.0 
889.0 487.0 13.0 138.0 9.0 26.0 0.0 
875.0 173.0 81.0 77.0 29.0 155.0 0.0 
882.0 227.0 67.0 78.0 34.0 172.0 0.0 
859.0 11.0 120.0 7.0 93.0 181.0 1.0 
859.0 7.0 117.0 5.0 96.0 73.0 1.0 
913.0 80.0 102.0 92.0 164.0 42.0 0.0 
895.0 22.0 29.0 35.0 115.0 102.0 0.0 
888.0 7.0 8.0 12.0 108.0 112.0 -1.0 
819.0 40.0 7.0 254.0 10.0 161.0 0.0 
811.0 355.0 8.0 136.0 8.0 142.0 -1.0 
824.0 28.0 7.0 284.0 13.0 109.0 -1.0 
816.0 58.0 7.0 150.0 9.0 122.0 -1.0 
833.0 16.0 7.0 186.0 17.0 339.0 -1.0 
815.0 71.0 8.0 220.0 9.0 204.0 -1.0 
808.0 164.0 9.0 241.0 8.0 184.0 -1.0 
808.0 160.0 9.0 235.0 8.0 190.0 -1.0 
815.0 72.0 8.0 199.0 9.0 228.0 -1.0 
814.0 88.0 8.0 191.0 9.0 236.0 -1.0 
819.0 41.0 7.0 144.0 10.0 116.0 -1.0 
823.0 35.0 9.0 100.0 15.0 109.0 0.0 
822.0 29.0 7.0 92.0 11.0 113.0 -1.0 
799.0 8.0 9.0 14.0 27.0 139.0 -1.0 
762.0 7.0 5.0 475.0 26.0 496.0 -1.0 
722.0 146.0 6.0 139.0 7.0 44.0 -1.0 
728.0 39.0 6.0 157.0 9.0 76.0 -1.0 
722.0 148.0 7.0 139.0 7.0 85.0 -1.0 
720.0 434.0 7.0 134.0 7.0 93.0 -1.0 
720.0 430.0 7.0 134.0 7.0 99.0 -1.0 
722.0 154.0 7.0 138.0 7.0 120.0 -1.0 
722.0 150.0 7.0 138.0 7.0 126.0 -1.0 
720.0 402.0 7.0 134.0 7.0 138.0 -1.0 
719.0 395.0 7.0 131.0 7.0 147.0 -1.0 
722.0 156.0 7.0 250.0 8.0 172.0 -1.0 
719.0 375.0 7.0 251.0 7.0 175.0 -1.0 
719.0 363.0 7.0 234.0 7.0 191.0 -1.0 
733.0 23.0 6.0 178.0 9.0 111.0 -1.0 
724.0 190.0 36.0 110.0 41.0 167.0 0.0 
730.0 163.0 34.0 198.0 49.0 331.0 0.0 
749.0 14.0 7.0 103.0 25.0 96.0 -1.0 
749.0 10.0 5.0 99.0 18.0 98.0 -1.0 
720.0 92.0 7.0 130.0 7.0 134.0 -1.0 
700.0 7.0 7.0 15.0 25.0 182.0 -1.0 
650.0 15.0 5.0 301.0 12.0 63.0 -1.0 
596.0 11.0 331.0 6.0 95.0 33.0 1.0 
610.0 14.0 224.0 5.0 104.0 11.0 1.0 
634.0 318.0 125.0 8.0 144.0 7.0 1.0 
624.0 109.0 150.0 6.0 122.0 8.0 1.0 
631.0 305.0 131.0 145.0 136.0 7.0 -1.0 
608.0 8.0 8.0 20.0 122.0 100.0 -1.0 
583.0 7.0 5.0 385.0 115.0 94.0 -1.0 
540.0 381.0 7.0 254.0 7.0 169.0 -1.0 
479.0 114.0 214.0 104.0 19.0 98.0 1.0 
626.0 74.0 259.0 6.0 159.0 138.0 1.0 
631.0 384.0 264.0 7.0 161.0 7.0 1.0 
623.0 125.0 157.0 13.0 113.0 16.0 0.0 
604.0 121.0 327.0 5.0 100.0 16.0 1.0 
633.0 302.0 150.0 135.0 267.0 7.0 1.0 
621.0 46.0 179.0 78.0 130.0 66.0 0.0 
624.0 6.0 267.0 11.0 147.0 119.0 1.0 
694.0 110.0 316.0 218.0 100.0 15.0 1.0 
692.0 8.0 8.0 26.0 327.0 96.0 -1.0 
667.0 8.0 5.0 186.0 117.0 95.0 -1.0 
615.0 7.0 8.0 14.0 301.0 108.0 -1.0 
558.0 19.0 6.0 265.0 13.0 142.0 -1.0 
535.0 209.0 14.0 119.0 11.0 142.0 0.0 
531.0 195.0 20.0 109.0 15.0 150.0 0.0 
562.0 28.0 11.0 179.0 27.0 346.0 0.0 
571.0 13.0 6.0 163.0 27.0 97.0 -1.0 
544.0 92.0 8.0 204.0 9.0 223.0 -1.0 
544.0 88.0 8.0 199.0 9.0 229.0 -1.0 
540.0 111.0 17.0 157.0 17.0 125.0 0.0 
534.0 49.0 39.0 77.0 32.0 120.0 0.0 
518.0 23.0 23.0 55.0 34.0 178.0 0.0 
521.0 6.0 7.0 14.0 40.0 147.0 -1.0 
449.0 456.0 8.0 131.0 8.0 61.0 -1.0 
448.0 449.0 9.0 129.0 8.0 71.0 -1.0 
468.0 21.0 7.0 207.0 14.0 323.0 -1.0 
451.0 342.0 8.0 197.0 8.0 228.0 -1.0 
464.0 25.0 7.0 184.0 11.0 110.0 -1.0 
460.0 37.0 7.0 164.0 11.0 115.0 -1.0 
455.0 70.0 8.0 147.0 9.0 123.0 -1.0 
452.0 182.0 8.0 138.0 9.0 129.0 -1.0 
393.0 7.0 31.0 6.0 96.0 324.0 1.0 
430.0 15.0 197.0 5.0 105.0 12.0 1.0 
447.0 171.0 143.0 6.0 129.0 7.0 1.0 
459.0 133.0 113.0 15.0 155.0 11.0 0.0 
511.0 7.0 6.0 16.0 342.0 58.0 -1.0 
444.0 8.0 10.0 12.0 9.0 149.0 -1.0 
408.0 6.0 5.0 96.0 9.0 496.0 -1.0 
364.0 79.0 7.0 143.0 8.0 45.0 -1.0 
364.0 75.0 6.0 144.0 8.0 51.0 -1.0 
335.0 207.0 124.0 61.0 45.0 120.0 0.0 
342.0 154.0 127.0 47.0 64.0 172.0 0.0 
339.0 145.0 150.0 42.0 66.0 180.0 0.0 
303.0 248.0 107.0 8.0 93.0 200.0 1.0 
303.0 244.0 104.0 5.0 97.0 202.0 1.0 
329.0 12.0 151.0 6.0 96.0 26.0 1.0 
341.0 15.0 159.0 5.0 105.0 11.0 1.0 
379.0 96.0 101.0 101.0 208.0 19.0 0.0 
355.0 76.0 99.0 118.0 116.0 31.0 0.0 
352.0 5.0 7.0 9.0 128.0 118.0 -1.0 
278.0 36.0 6.0 241.0 8.0 177.0 -1.0 
277.0 55.0 8.0 151.0 11.0 118.0 0.0 
283.0 25.0 6.0 177.0 10.0 111.0 -1.0 
276.0 195.0 26.0 126.0 32.0 150.0 0.0 
282.0 71.0 17.0 179.0 27.0 339.0 0.0 
293.0 17.0 7.0 82.0 18.0 100.0 -1.0 
293.0 13.0 5.0 78.0 14.0 102.0 -1.0 
273.0 68.0 6.0 92.0 7.0 127.0 -1.0 
269.0 64.0 7.0 92.0 7.0 136.0 -1.0 
269.0 60.0 7.0 86.0 7.0 136.0 -1.0 
270.0 48.0 7.0 68.0 7.0 133.0 -1.0 
285.0 9.0 5.0 10.0 10.0 184.0 -1.0 
218.0 10.0 6.0 496.0 8.0 67.0 -1.0 
179.0 488.0 9.0 131.0 9.0 16.0 -1.0 
185.0 71.0 8.0 147.0 9.0 31.0 -1.0 
180.0 476.0 8.0 134.0 8.0 34.0 -1.0 
150.0 278.0 56.0 159.0 15.0 60.0 0.0 
183.0 357.0 39.0 210.0 43.0 214.0 0.0 
226.0 12.0 8.0 250.0 250.0 492.0 -1.0 
226.0 8.0 6.0 247.0 253.0 495.0 -1.0 
176.0 239.0 10.0 125.0 8.0 143.0 0.0 
162.0 203.0 41.0 92.0 21.0 180.0 0.0 
71.0 6.0 6.0 13.0 180.0 105.0 -1.0 
5.0 135.0 7.0 148.0 8.0 124.0 -1.0 
5.0 131.0 6.0 149.0 8.0 125.0 -1.0 
15.0 115.0 6.0 191.0 10.0 110.0 -1.0 
20.0 97.0 224.0 230.0 9.0 107.0 0.0 
-26.0 227.0 19.0 105.0 251.0 299.0 0.0 
9.0 35.0 6.0 162.0 9.0 117.0 -1.0 
-13.0 143.0 17.0 108.0 11.0 172.0 0.0 
9.0 19.0 32.0 23.0 100.0 90.0 0.0 
1.0 7.0 10.0 9.0 129.0 103.0 1.0 
66.0 13.0 263.0 5.0 218.0 15.0 1.0 
84.0 47.0 150.0 6.0 130.0 7.0 1.0 
95.0 234.0 69.0 73.0 86.0 61.0 0.0 
130.0 10.0 6.0 137.0 164.0 93.0 -1.0 
119.0 10.0 5.0 138.0 18.0 98.0 -1.0 
89.0 129.0 7.0 131.0 7.0 136.0 -1.0 
89.0 125.0 7.0 131.0 7.0 136.0 -1.0 
64.0 8.0 8.0 24.0 282.0 229.0 -1.0 
44.0 7.0 5.0 71.0 297.0 495.0 -1.0 
-3.0 67.0 8.0 101.0 7.0 141.0 -1.0 
11.0 24.0 6.0 28.0 9.0 135.0 -1.0 
1.0 19.0 7.0 27.0 7.0 131.0 -1.0 
-5.0 8.0 8.0 12.0 7.0 147.0 -1.0 
-48.0 7.0 5.0 493.0 8.0 161.0 -1.0 
-87.0 96.0 6.0 141.0 7.0 24.0 -1.0 
-87.0 99.0 6.0 141.0 7.0 36.0 -1.0 
-112.0 8.0 8.0 19.0 126.0 100.0 -1.0 
-142.0 8.0 5.0 383.0 120.0 95.0 -1.0 
-170.0 30.0 6.0 176.0 9.0 271.0 -1.0 
-181.0 341.0 7.0 201.0 7.0 222.0 -1.0 
-176.0 120.0 7.0 159.0 8.0 273.0 -1.0 
-176.0 116.0 7.0 154.0 8.0 125.0 -1.0 
-155.0 16.0 7.0 209.0 110.0 311.0 -1.0 
-155.0 12.0 5.0 205.0 114.0 313.0 -1.0 
-181.0 185.0 7.0 266.0 7.0 160.0 -1.0 
-158.0 110.0 224.0 111.0 13.0 102.0 1.0 
-2.0 190.0 260.0 6.0 161.0 7.0 1.0 
29.0 48.0 40.0 219.0 92.0 288.0 0.0 
20.0 122.0 6.0 127.0 13.0 104.0 -1.0 
-9.0 49.0 59.0 82.0 87.0 143.0 0.0 
-29.0 7.0 6.0 23.0 236.0 305.0 -1.0 
-71.0 16.0 5.0 299.0 11.0 105.0 -1.0 
-88.0 146.0 6.0 139.0 7.0 129.0 -1.0 
-88.0 146.0 6.0 139.0 7.0 129.0 -1.0 
-145.0 40.0 154.0 34.0 67.0 354.0 0.0 
-148.0 35.0 154.0 30.0 71.0 310.0 0.0 
-154.0 8.0 23.0 8.0 97.0 283.0 1.0 
-129.0 8.0 131.0 5.0 95.0 48.0 1.0 
-90.0 126.0 134.0 7.0 134.0 7.0 1.0 
-90.0 122.0 134.0 7.0 134.0 7.0 1.0 
-96.0 107.0 137.0 6.0 122.0 7.0 1.0 
-90.0 102.0 134.0 145.0 134.0 7.0 0.0 
-74.0 24.0 49.0 27.0 138.0 266.0 0.0 
-87.0 7.0 11.0 10.0 97.0 139.0 1.0 
-22.0 17.0 66.0 7.0 102.0 16.0 1.0 
-6.0 57.0 73.0 7.0 122.0 9.0 1.0 
-9.0 6.0 7.0 10.0 159.0 18.0 -1.0 
-81.0 6.0 6.0 8.0 9.0 160.0 -1.0 
-170.0 34.0 7.0 165.0 10.0 16.0 -1.0 
-173.0 50.0 7.0 153.0 10.0 47.0 -1.0 
-200.0 227.0 54.0 85.0 25.0 113.0 0.0 
-182.0 259.0 61.0 86.0 57.0 86.0 0.0 
-197.0 259.0 94.0 100.0 50.0 120.0 0.0 
-225.0 56.0 216.0 440.0 60.0 284.0 0.0 
-202.0 133.0 134.0 23.0 86.0 54.0 0.0 
-169.0 6.0 11.0 7.0 150.0 261.0 1.0 
-89.0 76.0 109.0 9.0 136.0 8.0 1.0 
-64.0 9.0 26.0 9.0 309.0 30.0 1.0 
-34.0 11.0 477.0 6.0 170.0 33.0 1.0 
-3.0 117.0 141.0 8.0 54.0 9.0 1.0 
39.0 221.0 79.0 207.0 129.0 21.0 0.0 
44.0 75.0 415.0 254.0 246.0 85.0 0.0 
38.0 8.0 52.0 6.0 94.0 133.0 1.0 
70.0 14.0 224.0 5.0 323.0 11.0 1.0 
93.0 360.0 239.0 7.0 189.0 7.0 1.0 
112.0 176.0 28.0 177.0 147.0 80.0 0.0 
123.0 23.0 12.0 133.0 60.0 89.0 0.0 
115.0 15.0 6.0 127.0 18.0 99.0 -1.0 
106.0 121.0 6.0 133.0 11.0 108.0 -1.0 
54.0 95.0 77.0 281.0 225.0 429.0 0.0 
59.0 24.0 21.0 85.0 274.0 141.0 0.0 
43.0 7.0 5.0 221.0 151.0 496.0 -1.0 
-35.0 60.0 50.0 285.0 46.0 313.0 0.0 
-86.0 302.0 27.0 120.0 32.0 161.0 0.0 
-111.0 120.0 123.0 6.0 102.0 14.0 1.0 
-103.0 111.0 128.0 6.0 111.0 9.0 1.0 
-92.0 104.0 139.0 153.0 129.0 7.0 -1.0 
-254.0 22.0 7.0 193.0 12.0 107.0 -1.0 
-254.0 18.0 5.0 195.0 10.0 108.0 -1.0 
-261.0 34.0 6.0 160.0 9.0 116.0 -1.0 
-250.0 46.0 17.0 199.0 114.0 92.0 0.0 
-254.0 19.0 6.0 185.0 11.0 108.0 -1.0 
-285.0 151.0 17.0 105.0 10.0 182.0 0.0 
-282.0 129.0 19.0 106.0 12.0 164.0 0.0 
-265.0 8.0 13.0 11.0 118.0 74.0 1.0 
-248.0 5.0 13.0 5.0 105.0 63.0 1.0 
-191.0 54.0 214.0 12.0 217.0 18.0 0.0 
-185.0 71.0 93.0 111.0 45.0 135.0 0.0 
-204.0 8.0 8.0 21.0 259.0 188.0 -1.0 
-245.0 14.0 6.0 68.0 18.0 105.0 -1.0 
-269.0 48.0 9.0 66.0 9.0 131.0 -1.0 
-279.0 8.0 10.0 14.0 11.0 156.0 -1.0 
-309.0 6.0 5.0 49.0 11.0 498.0 -1.0 
-360.0 461.0 7.0 133.0 7.0 55.0 -1.0 
-351.0 148.0 28.0 203.0 39.0 232.0 0.0 
-441.0 334.0 325.0 159.0 210.0 44.0 0.0 
-497.0 10.0 208.0 209.0 292.0 292.0 -1.0 
-507.0 9.0 21.0 210.0 97.0 301.0 -1.0 
-526.0 7.0 14.0 8.0 110.0 283.0 1.0 
-465.0 25.0 293.0 7.0 109.0 13.0 1.0 
-439.0 230.0 111.0 14.0 165.0 9.0 0.0 
-466.0 22.0 102.0 7.0 108.0 12.0 1.0 
-448.0 6.0 8.0 8.0 129.0 18.0 1.0 
-339.0 233.0 322.0 42.0 185.0 18.0 0.0 
-358.0 254.0 85.0 55.0 92.0 52.0 0.0 
-337.0 147.0 37.0 146.0 176.0 71.0 0.0 
-317.0 10.0 80.0 7.0 493.0 421.0 1.0 
-309.0 8.0 77.0 5.0 296.0 49.0 1.0 
-271.0 73.0 101.0 7.0 131.0 7.0 1.0 
-269.0 69.0 99.0 7.0 136.0 7.0 1.0 
-269.0 65.0 93.0 7.0 136.0 7.0 1.0 
-263.0 6.0 10.0 8.0 136.0 20.0 1.0 
-204.0 12.0 300.0 5.0 54.0 14.0 1.0 
-181.0 286.0 136.0 6.0 34.0 7.0 1.0 
-183.0 102.0 141.0 7.0 53.0 8.0 1.0 
-183.0 98.0 141.0 6.0 59.0 7.0 1.0 
-179.0 457.0 131.0 7.0 60.0 7.0 1.0 
-151.0 93.0 296.0 292.0 70.0 83.0 0.0 
-144.0 26.0 183.0 22.0 79.0 119.0 0.0 
-134.0 9.0 369.0 6.0 93.0 131.0 1.0 
-115.0 12.0 277.0 5.0 100.0 14.0 1.0 
-88.0 350.0 218.0 9.0 206.0 9.0 0.0 
-104.0 21.0 184.0 6.0 110.0 10.0 1.0 
-90.0 338.0 193.0 7.0 230.0 7.0 1.0 
-78.0 329.0 222.0 13.0 213.0 8.0 0.0 
-68.0 315.0 307.0 99.0 226.0 22.0 0.0 
-77.0 239.0 88.0 47.0 141.0 127.0 0.0 
16.0 8.0 17.0 9.0 114.0 51.0 1.0 
39.0 6.0 49.0 5.0 498.0 48.0 1.0 
88.0 143.0 139.0 6.0 82.0 7.0 1.0 
103.0 355.0 328.0 39.0 181.0 24.0 0.0 
122.0 232.0 64.0 165.0 312.0 38.0 0.0 
130.0 93.0 60.0 194.0 308.0 40.0 0.0 
151.0 7.0 6.0 23.0 339.0 97.0 -1.0 
104.0 22.0 6.0 181.0 10.0 110.0 -1.0 
94.0 124.0 7.0 143.0 8.0 125.0 -1.0 
90.0 6.0 9.0 9.0 267.0 156.0 1.0 
151.0 10.0 402.0 5.0 415.0 18.0 1.0 
193.0 364.0 342.0 18.0 172.0 11.0 0.0 
202.0 173.0 287.0 89.0 236.0 38.0 0.0 
188.0 200.0 82.0 56.0 128.0 42.0 0.0 
161.0 71.0 117.0 25.0 85.0 52.0 0.0 
180.0 38.0 54.0 27.0 114.0 27.0 0.0 
159.0 7.0 7.0 16.0 310.0 39.0 -1.0 
90.0 8.0 9.0 11.0 9.0 133.0 -1.0 
48.0 7.0 5.0 100.0 9.0 496.0 -1.0 
-59.0 7.0 25.0 6.0 96.0 150.0 1.0 
-15.0 19.0 189.0 5.0 109.0 10.0 1.0 
4.0 348.0 125.0 8.0 144.0 7.0 0.0 
-2.0 284.0 129.0 123.0 120.0 21.0 0.0 
-20.0 17.0 222.0 14.0 103.0 103.0 1.0 
33.0 143.0 79.0 169.0 342.0 22.0 0.0 
-2.0 60.0 82.0 88.0 91.0 54.0 0.0 
22.0 8.0 21.0 9.0 127.0 271.0 1.0 
35.0 6.0 29.0 5.0 273.0 460.0 1.0 
105.0 8.0 17.0 9.0 173.0 15.0 1.0 
115.0 5.0 14.0 5.0 313.0 15.0 1.0 
174.0 51.0 150.0 6.0 117.0 8.0 1.0 
174.0 47.0 150.0 6.0 124.0 7.0 1.0 
179.0 298.0 136.0 7.0 123.0 7.0 1.0 
180.0 406.0 134.0 7.0 133.0 7.0 1.0 
180.0 402.0 134.0 7.0 138.0 7.0 1.0 
188.0 390.0 117.0 9.0 142.0 7.0 0.0 
155.0 12.0 329.0 5.0 100.0 15.0 1.0 
182.0 301.0 147.0 7.0 273.0 7.0 1.0 
182.0 297.0 141.0 7.0 138.0 7.0 1.0 
179.0 285.0 136.0 7.0 131.0 7.0 1.0 
167.0 88.0 235.0 23.0 191.0 37.0 0.0 
164.0 52.0 211.0 16.0 326.0 29.0 0.0 
150.0 11.0 172.0 6.0 97.0 23.0 1.0 
168.0 24.0 194.0 6.0 351.0 9.0 1.0 
194.0 111.0 209.0 28.0 225.0 17.0 0.0 
184.0 7.0 11.0 10.0 123.0 50.0 1.0 
257.0 29.0 178.0 7.0 79.0 12.0 1.0 
262.0 43.0 157.0 7.0 76.0 10.0 1.0 
271.0 447.0 131.0 9.0 74.0 8.0 1.0 
295.0 207.0 93.0 38.0 128.0 14.0 0.0 
301.0 132.0 45.0 234.0 192.0 58.0 0.0 
317.0 152.0 36.0 305.0 195.0 64.0 0.0 
358.0 299.0 135.0 145.0 82.0 57.0 0.0 
315.0 10.0 184.0 7.0 92.0 316.0 1.0 
327.0 9.0 184.0 5.0 301.0 121.0 1.0 
344.0 18.0 170.0 5.0 337.0 10.0 1.0 
380.0 129.0 288.0 134.0 210.0 11.0 0.0 
384.0 8.0 20.0 7.0 168.0 257.0 1.0 
413.0 8.0 259.0 5.0 306.0 36.0 1.0 
483.0 125.0 19.0 107.0 91.0 82.0 0.0 
564.0 249.0 75.0 116.0 162.0 44.0 0.0 
573.0 9.0 5.0 152.0 24.0 97.0 -1.0 
538.0 141.0 7.0 129.0 7.0 138.0 0.0 
544.0 133.0 6.0 144.0 7.0 125.0 -1.0 
542.0 125.0 7.0 139.0 7.0 129.0 -1.0 
520.0 37.0 38.0 83.0 224.0 229.0 0.0 
537.0 8.0 11.0 12.0 138.0 133.0 -1.0 
485.0 10.0 6.0 87.0 35.0 96.0 -1.0 
441.0 5.0 6.0 9.0 34.0 124.0 -1.0 
369.0 32.0 6.0 161.0 8.0 54.0 -1.0 
321.0 9.0 313.0 5.0 94.0 56.0 1.0 
348.0 110.0 174.0 6.0 113.0 9.0 1.0 
356.0 100.0 144.0 271.0 125.0 7.0 -1.0 
179.0 149.0 7.0 131.0 7.0 135.0 -1.0 
182.0 129.0 7.0 138.0 7.0 129.0 -1.0 
182.0 125.0 7.0 139.0 7.0 129.0 -1.0 
182.0 121.0 6.0 139.0 7.0 129.0 -1.0 
166.0 93.0 105.0 105.0 20.0 176.0 0.0 
187.0 23.0 38.0 30.0 98.0 120.0 0.0 
198.0 8.0 18.0 9.0 104.0 111.0 1.0 
238.0 11.0 408.0 6.0 456.0 27.0 1.0 
300.0 198.0 88.0 60.0 133.0 16.0 0.0 
361.0 202.0 57.0 84.0 135.0 139.0 0.0 
337.0 55.0 54.0 135.0 137.0 53.0 0.0 
325.0 8.0 7.0 40.0 361.0 94.0 -1.0 
300.0 10.0 5.0 146.0 19.0 98.0 -1.0 
238.0 78.0 68.0 294.0 40.0 270.0 0.0 
225.0 81.0 57.0 453.0 47.0 443.0 0.0 
220.0 57.0 36.0 436.0 66.0 465.0 0.0 
228.0 9.0 7.0 141.0 98.0 93.0 -1.0 
199.0 18.0 6.0 219.0 13.0 233.0 -1.0 
174.0 388.0 12.0 120.0 9.0 147.0 0.0 
127.0 135.0 131.0 220.0 83.0 220.0 0.0 
126.0 86.0 51.0 381.0 125.0 49.0 0.0 
128.0 21.0 13.0 338.0 166.0 87.0 0.0 
123.0 13.0 7.0 332.0 34.0 94.0 -1.0 
123.0 9.0 5.0 329.0 24.0 97.0 -1.0 
78.0 316.0 131.0 202.0 8.0 227.0 0.0 
96.0 107.0 118.0 141.0 32.0 114.0 0.0 
86.0 251.0 67.0 119.0 75.0 137.0 0.0 
103.0 12.0 22.0 249.0 103.0 166.0 0.0 
110.0 8.0 19.0 229.0 101.0 217.0 -1.0 
52.0 260.0 21.0 98.0 205.0 298.0 -1.0 
69.0 167.0 171.0 76.0 32.0 172.0 0.0 
111.0 9.0 20.0 9.0 191.0 243.0 1.0 
122.0 5.0 22.0 5.0 336.0 230.0 1.0 
167.0 23.0 279.0 6.0 120.0 9.0 1.0 
160.0 19.0 222.0 7.0 323.0 15.0 1.0 
160.0 15.0 218.0 5.0 325.0 12.0 1.0 
230.0 172.0 28.0 111.0 391.0 71.0 0.0 
209.0 21.0 66.0 19.0 85.0 163.0 0.0 
211.0 9.0 32.0 8.0 95.0 167.0 1.0 
249.0 18.0 232.0 7.0 103.0 15.0 1.0 
270.0 326.0 177.0 8.0 246.0 8.0 1.0 
270.0 322.0 171.0 8.0 252.0 8.0 1.0 
270.0 318.0 166.0 8.0 258.0 8.0 1.0 
270.0 314.0 160.0 8.0 263.0 8.0 1.0 
269.0 306.0 146.0 8.0 131.0 8.0 0.0 
325.0 7.0 6.0 37.0 323.0 95.0 -1.0 
277.0 41.0 6.0 155.0 8.0 121.0 -1.0 
284.0 22.0 6.0 157.0 10.0 111.0 -1.0 
274.0 131.0 6.0 146.0 7.0 127.0 -1.0 
270.0 123.0 7.0 135.0 7.0 135.0 -1.0 
210.0 9.0 19.0 8.0 73.0 357.0 1.0 
234.0 10.0 15.0 6.0 501.0 38.0 1.0 
273.0 7.0 11.0 9.0 141.0 8.0 1.0 
338.0 16.0 316.0 6.0 25.0 10.0 1.0 
349.0 31.0 169.0 7.0 60.0 10.0 1.0 
383.0 235.0 92.0 40.0 91.0 16.0 0.0 
362.0 284.0 124.0 56.0 91.0 52.0 0.0 
329.0 13.0 234.0 6.0 303.0 27.0 1.0 
359.0 219.0 136.0 8.0 131.0 8.0 1.0 
359.0 215.0 136.0 8.0 131.0 8.0 1.0 
388.0 49.0 150.0 46.0 267.0 30.0 0.0 
375.0 5.0 11.0 6.0 123.0 45.0 1.0 
509.0 47.0 41.0 168.0 143.0 61.0 0.0 
524.0 15.0 16.0 29.0 169.0 97.0 0.0 
509.0 8.0 7.0 30.0 156.0 95.0 -1.0 
483.0 9.0 5.0 353.0 24.0 96.0 -1.0 
474.0 81.0 217.0 271.0 27.0 104.0 0.0 
447.0 5.0 7.0 8.0 246.0 174.0 -1.0 
369.0 114.0 6.0 139.0 8.0 117.0 -1.0 
361.0 53.0 76.0 73.0 65.0 137.0 0.0 
388.0 7.0 22.0 6.0 97.0 324.0 1.0 
433.0 18.0 212.0 6.0 333.0 11.0 1.0 
454.0 179.0 273.0 8.0 160.0 7.0 0.0 
442.0 37.0 204.0 6.0 227.0 8.0 1.0 
448.0 144.0 217.0 6.0 206.0 7.0 1.0 
458.0 152.0 251.0 10.0 186.0 7.0 0.0 
443.0 45.0 156.0 7.0 119.0 8.0 1.0 
443.0 41.0 151.0 6.0 120.0 8.0 1.0 
445.0 62.0 135.0 7.0 123.0 8.0 1.0 
428.0 14.0 23.0 5.0 201.0 13.0 1.0 
449.0 17.0 24.0 7.0 131.0 7.0 1.0 
449.0 13.0 18.0 7.0 131.0 7.0 1.0 
449.0 9.0 12.0 7.0 131.0 7.0 1.0 
449.0 5.0 7.0 6.0 136.0 7.0 1.0 
536.0 71.0 144.0 6.0 13.0 7.0 1.0 
582.0 7.0 5.0 327.0 174.0 94.0 -1.0 
542.0 146.0 6.0 139.0 7.0 129.0 -1.0 
515.0 81.0 129.0 36.0 69.0 100.0 0.0 
499.0 9.0 83.0 6.0 294.0 86.0 1.0 
534.0 47.0 86.0 6.0 122.0 7.0 1.0 
549.0 55.0 94.0 11.0 158.0 8.0 0.0 
533.0 7.0 9.0 6.0 151.0 8.0 1.0 
614.0 23.0 194.0 7.0 19.0 10.0 1.0 
623.0 49.0 154.0 7.0 21.0 9.0 1.0 
659.0 288.0 189.0 52.0 49.0 14.0 0.0 
628.0 309.0 147.0 44.0 93.0 48.0 0.0 
605.0 61.0 237.0 27.0 292.0 76.0 0.0 
603.0 15.0 188.0 7.0 394.0 22.0 1.0 
624.0 62.0 225.0 8.0 199.0 10.0 1.0 
624.0 58.0 220.0 7.0 206.0 9.0 1.0 
626.0 87.0 216.0 8.0 209.0 9.0 1.0 
631.0 159.0 229.0 8.0 197.0 8.0 1.0 
628.0 143.0 195.0 8.0 231.0 8.0 1.0 
625.0 71.0 171.0 8.0 384.0 9.0 1.0 
622.0 46.0 57.0 29.0 96.0 39.0 0.0 
616.0 6.0 7.0 12.0 183.0 34.0 -1.0 
539.0 9.0 9.0 13.0 8.0 136.0 -1.0 
517.0 6.0 6.0 16.0 8.0 318.0 -1.0 
457.0 49.0 7.0 154.0 9.0 32.0 -1.0 
459.0 41.0 7.0 160.0 10.0 88.0 -1.0 
454.0 88.0 8.0 144.0 9.0 85.0 -1.0 
455.0 73.0 8.0 147.0 9.0 105.0 -1.0 
455.0 69.0 7.0 147.0 9.0 111.0 -1.0 
443.0 408.0 12.0 118.0 10.0 121.0 0.0 
460.0 35.0 7.0 207.0 10.0 229.0 -1.0 
369.0 218.0 43.0 110.0 104.0 143.0 0.0 
393.0 7.0 31.0 6.0 119.0 282.0 1.0 
430.0 15.0 243.0 5.0 186.0 12.0 1.0 
448.0 143.0 139.0 6.0 129.0 7.0 1.0 
461.0 209.0 111.0 13.0 165.0 8.0 0.0 
459.0 156.0 262.0 28.0 179.0 20.0 0.0 
490.0 7.0 67.0 5.0 295.0 76.0 1.0 
531.0 33.0 271.0 6.0 136.0 8.0 1.0 
539.0 297.0 136.0 7.0 121.0 7.0 1.0 
538.0 150.0 138.0 7.0 141.0 7.0 1.0 
540.0 396.0 134.0 7.0 147.0 7.0 1.0 
540.0 392.0 271.0 7.0 153.0 7.0 1.0 
569.0 175.0 79.0 86.0 152.0 24.0 0.0 
600.0 8.0 7.0 111.0 198.0 95.0 -1.0 
572.0 123.0 5.0 313.0 24.0 97.0 -1.0 
523.0 294.0 91.0 104.0 40.0 197.0 0.0 
499.0 51.0 155.0 33.0 66.0 346.0 0.0 
527.0 67.0 141.0 17.0 100.0 28.0 0.0 
528.0 29.0 111.0 7.0 111.0 11.0 1.0 
528.0 25.0 106.0 6.0 112.0 9.0 1.0 
540.0 81.0 115.0 7.0 134.0 7.0 1.0 
541.0 8.0 11.0 11.0 128.0 27.0 1.0 
600.0 12.0 366.0 6.0 90.0 24.0 1.0 
677.0 9.0 6.0 198.0 140.0 94.0 -1.0 
651.0 15.0 6.0 234.0 13.0 104.0 -1.0 
636.0 48.0 6.0 152.0 8.0 123.0 -1.0 
635.0 101.0 268.0 148.0 8.0 124.0 1.0 
638.0 69.0 114.0 160.0 38.0 120.0 0.0 
675.0 7.0 378.0 5.0 94.0 122.0 1.0 
719.0 362.0 225.0 7.0 199.0 7.0 1.0 
756.0 110.0 268.0 279.0 227.0 238.0 0.0 
743.0 111.0 46.0 228.0 116.0 277.0 0.0 
765.0 10.0 7.0 169.0 331.0 92.0 -1.0 
757.0 8.0 5.0 167.0 134.0 95.0 -1.0 
719.0 158.0 7.0 227.0 7.0 196.0 -1.0 
696.0 95.0 93.0 243.0 35.0 247.0 0.0 
709.0 73.0 86.0 128.0 50.0 150.0 0.0 
708.0 5.0 6.0 10.0 273.0 129.0 -1.0 
639.0 32.0 6.0 161.0 8.0 117.0 -1.0 
640.0 29.0 6.0 287.0 8.0 115.0 -1.0 
627.0 232.0 7.0 127.0 7.0 141.0 -1.0 
597.0 176.0 139.0 72.0 29.0 360.0 0.0 
590.0 59.0 45.0 404.0 98.0 55.0 0.0 
581.0 11.0 7.0 358.0 111.0 93.0 -1.0 
566.0 13.0 6.0 374.0 18.0 100.0 -1.0 
551.0 32.0 7.0 169.0 11.0 114.0 -1.0 
561.0 20.0 7.0 214.0 17.0 321.0 -1.0 
557.0 20.0 6.0 217.0 13.0 333.0 -1.0 
554.0 28.0 8.0 178.0 13.0 342.0 -1.0 
554.0 24.0 7.0 173.0 11.0 344.0 -1.0 
519.0 138.0 26.0 318.0 11.0 221.0 0.0 
531.0 7.0 9.0 13.0 58.0 115.0 -1.0 
477.0 13.0 6.0 307.0 19.0 164.0 -1.0 
455.0 72.0 8.0 147.0 9.0 97.0 -1.0 
475.0 14.0 6.0 382.0 18.0 100.0 -1.0 
451.0 346.0 8.0 205.0 8.0 220.0 -1.0 
452.0 173.0 8.0 169.0 8.0 259.0 -1.0 
401.0 95.0 223.0 472.0 29.0 278.0 0.0 
390.0 6.0 23.0 6.0 98.0 333.0 1.0 
442.0 36.0 159.0 6.0 120.0 8.0 1.0 
476.0 125.0 87.0 119.0 253.0 19.0 0.0 
496.0 11.0 7.0 42.0 458.0 493.0 -1.0 
478.0 13.0 6.0 40.0 20.0 308.0 -1.0 
448.0 34.0 9.0 51.0 8.0 138.0 -1.0 
455.0 27.0 7.0 35.0 9.0 123.0 -1.0 
447.0 7.0 9.0 10.0 9.0 139.0 -1.0 
392.0 9.0 5.0 503.0 11.0 47.0 -1.0 
360.0 486.0 7.0 134.0 7.0 20.0 -1.0 
326.0 224.0 206.0 61.0 40.0 116.0 0.0 
318.0 9.0 308.0 6.0 94.0 193.0 1.0 
349.0 106.0 169.0 6.0 114.0 9.0 1.0 
358.0 149.0 138.0 280.0 129.0 7.0 -1.0 
329.0 24.0 21.0 186.0 122.0 81.0 0.0 
304.0 11.0 6.0 375.0 135.0 95.0 -1.0 
292.0 13.0 5.0 242.0 13.0 321.0 -1.0 
280.0 34.0 7.0 165.0 10.0 286.0 -1.0 
251.0 302.0 94.0 194.0 33.0 239.0 0.0 
202.0 117.0 128.0 143.0 112.0 126.0 0.0 
214.0 9.0 5.0 199.0 106.0 300.0 -1.0 
183.0 141.0 20.0 190.0 22.0 238.0 0.0 
236.0 15.0 162.0 8.0 94.0 45.0 1.0 
236.0 11.0 159.0 6.0 96.0 33.0 1.0 
270.0 148.0 209.0 9.0 216.0 9.0 1.0 
264.0 58.0 180.0 7.0 379.0 9.0 1.0 
266.0 94.0 159.0 8.0 390.0 10.0 1.0 
269.0 8.0 11.0 12.0 133.0 35.0 -1.0 
218.0 9.0 6.0 21.0 50.0 498.0 -1.0 
181.0 9.0 8.0 13.0 8.0 131.0 -1.0 
151.0 7.0 6.0 22.0 8.0 337.0 -1.0 
80.0 480.0 16.0 127.0 11.0 33.0 0.0 
43.0 43.0 362.0 31.0 69.0 138.0 0.0 
20.0 5.0 12.0 5.0 105.0 171.0 1.0 
91.0 337.0 133.0 7.0 137.0 7.0 0.0 
98.0 171.0 45.0 213.0 60.0 331.0 0.0 
102.0 96.0 44.0 113.0 68.0 75.0 0.0 
116.0 66.0 32.0 63.0 95.0 122.0 0.0 
119.0 6.0 7.0 5.0 25.0 343.0 1.0 
259.0 32.0 169.0 7.0 16.0 10.0 1.0 
282.0 462.0 104.0 23.0 58.0 15.0 0.0 
301.0 108.0 57.0 185.0 106.0 46.0 0.0 
308.0 70.0 43.0 380.0 124.0 58.0 0.0 
313.0 48.0 33.0 365.0 136.0 67.0 0.0 
308.0 10.0 6.0 337.0 52.0 95.0 -1.0 
288.0 16.0 5.0 211.0 11.0 107.0 -1.0 
272.0 144.0 6.0 140.0 7.0 131.0 -1.0 
264.0 325.0 8.0 122.0 7.0 151.0 0.0 
251.0 198.0 83.0 71.0 263.0 147.0 0.0 
232.0 31.0 162.0 19.0 81.0 161.0 0.0 
253.0 22.0 154.0 7.0 106.0 14.0 1.0 
261.0 38.0 163.0 7.0 364.0 10.0 1.0 
298.0 47.0 144.0 44.0 270.0 44.0 0.0 
302.0 8.0 32.0 7.0 174.0 63.0 1.0 
353.0 49.0 154.0 7.0 113.0 9.0 1.0 
355.0 69.0 147.0 7.0 120.0 9.0 1.0 
387.0 213.0 85.0 63.0 116.0 20.0 0.0 
329.0 15.0 344.0 8.0 96.0 32.0 1.0 
334.0 13.0 349.0 6.0 100.0 18.0 1.0 
391.0 13.0 7.0 188.0 120.0 96.0 -1.0 
386.0 11.0 5.0 189.0 15.0 101.0 -1.0 
357.0 175.0 8.0 128.0 7.0 142.0 -1.0 
362.0 167.0 7.0 140.0 7.0 130.0 -1.0 
370.0 30.0 6.0 166.0 9.0 116.0 -1.0 
363.0 143.0 6.0 143.0 7.0 129.0 -1.0 
361.0 139.0 6.0 138.0 7.0 133.0 -1.0 
364.0 115.0 8.0 144.0 9.0 125.0 0.0 
367.0 112.0 7.0 141.0 9.0 121.0 -1.0 
367.0 108.0 6.0 136.0 8.0 121.0 -1.0 
350.0 97.0 117.0 114.0 8.0 163.0 0.0 
365.0 36.0 56.0 47.0 82.0 116.0 0.0 
361.0 16.0 24.0 23.0 115.0 128.0 0.0 
355.0 8.0 11.0 13.0 141.0 142.0 -1.0 
345.0 5.0 5.0 10.0 242.0 181.0 -1.0 
275.0 58.0 6.0 76.0 8.0 123.0 -1.0 
270.0 54.0 7.0 77.0 7.0 134.0 -1.0 
270.0 50.0 7.0 71.0 7.0 134.0 -1.0 
268.0 42.0 7.0 62.0 7.0 138.0 -1.0 
274.0 34.0 6.0 46.0 7.0 125.0 -1.0 
272.0 30.0 6.0 42.0 7.0 129.0 -1.0 
261.0 7.0 8.0 12.0 11.0 153.0 -1.0 
198.0 19.0 6.0 321.0 13.0 29.0 -1.0 
153.0 47.0 256.0 22.0 83.0 145.0 0.0 
156.0 37.0 239.0 16.0 91.0 42.0 0.0 
158.0 7.0 7.0 18.0 141.0 100.0 -1.0 
122.0 9.0 5.0 376.0 22.0 97.0 -1.0 
86.0 268.0 105.0 103.0 91.0 47.0 0.0 
76.0 178.0 201.0 35.0 315.0 148.0 0.0 
76.0 111.0 126.0 11.0 105.0 19.0 0.0 
69.0 87.0 89.0 200.0 106.0 20.0 0.0 
38.0 16.0 10.0 150.0 83.0 90.0 0.0 
48.0 9.0 7.0 137.0 354.0 92.0 -1.0 
32.0 9.0 5.0 147.0 22.0 97.0 -1.0 
-2.0 139.0 7.0 204.0 7.0 219.0 0.0 
-1.0 135.0 7.0 195.0 7.0 228.0 -1.0 
-1.0 131.0 7.0 189.0 7.0 233.0 -1.0 
0.0 119.0 7.0 169.0 7.0 254.0 -1.0 
-3.0 111.0 7.0 167.0 7.0 253.0 -1.0 
3.0 91.0 7.0 123.0 7.0 127.0 -1.0 
3.0 87.0 6.0 118.0 7.0 127.0 -1.0 
-14.0 5.0 6.0 10.0 16.0 166.0 -1.0 
-88.0 146.0 6.0 139.0 7.0 26.0 -1.0 
-74.0 19.0 6.0 263.0 10.0 143.0 -1.0 
-80.0 31.0 6.0 257.0 9.0 155.0 -1.0 
-94.0 364.0 13.0 248.0 11.0 181.0 0.0 
-82.0 60.0 10.0 189.0 13.0 247.0 0.0 
-75.0 20.0 6.0 189.0 10.0 109.0 -1.0 
-89.0 291.0 7.0 165.0 7.0 259.0 -1.0 
-89.0 287.0 6.0 160.0 7.0 265.0 -1.0 
-132.0 14.0 10.0 209.0 113.0 90.0 0.0 
-136.0 11.0 8.0 384.0 116.0 92.0 -1.0 
-147.0 11.0 6.0 389.0 28.0 506.0 -1.0 
-181.0 377.0 8.0 253.0 8.0 172.0 -1.0 
-195.0 370.0 19.0 105.0 11.0 165.0 0.0 
-172.0 88.0 15.0 259.0 20.0 155.0 0.0 
-179.0 203.0 17.0 127.0 17.0 140.0 0.0 
-201.0 9.0 9.0 21.0 185.0 324.0 -1.0 
-226.0 8.0 6.0 329.0 172.0 94.0 -1.0 
-265.0 73.0 8.0 147.0 9.0 123.0 -1.0 
-329.0 12.0 6.0 374.0 26.0 96.0 -1.0 
-344.0 19.0 6.0 195.0 11.0 292.0 -1.0 
-358.0 155.0 7.0 212.0 7.0 213.0 -1.0 
-358.0 151.0 7.0 206.0 7.0 219.0 -1.0 
-374.0 280.0 84.0 139.0 54.0 267.0 0.0 
-339.0 17.0 11.0 224.0 104.0 322.0 -1.0 
-346.0 22.0 6.0 234.0 115.0 192.0 -1.0 
-354.0 47.0 6.0 253.0 132.0 163.0 -1.0 
-357.0 173.0 7.0 232.0 8.0 189.0 -1.0 
-397.0 131.0 105.0 280.0 23.0 400.0 0.0 
-431.0 28.0 10.0 146.0 21.0 100.0 0.0 
-432.0 16.0 5.0 135.0 11.0 106.0 -1.0 
-455.0 113.0 8.0 175.0 7.0 245.0 0.0 
-470.0 10.0 10.0 22.0 60.0 107.0 -1.0 
-479.0 6.0 6.0 21.0 58.0 157.0 -1.0 
-542.0 440.0 9.0 129.0 8.0 82.0 0.0 
-541.0 436.0 9.0 131.0 8.0 89.0 -1.0 
-530.0 37.0 7.0 263.0 11.0 147.0 -1.0 
-541.0 408.0 8.0 131.0 8.0 128.0 -1.0 
-594.0 57.0 34.0 339.0 167.0 68.0 0.0 
-611.0 26.0 9.0 210.0 20.0 102.0 0.0 
-607.0 18.0 7.0 309.0 19.0 101.0 -1.0 
-615.0 23.0 7.0 189.0 12.0 109.0 -1.0 
-639.0 258.0 12.0 115.0 9.0 159.0 0.0 
-636.0 76.0 97.0 120.0 107.0 31.0 0.0 
-631.0 8.0 12.0 12.0 130.0 126.0 1.0 
-617.0 5.0 9.0 5.0 175.0 245.0 1.0 
-540.0 73.0 103.0 7.0 133.0 7.0 1.0 
-540.0 69.0 97.0 7.0 133.0 7.0 1.0 
-514.0 6.0 18.0 6.0 311.0 13.0 1.0 
-432.0 293.0 114.0 22.0 53.0 11.0 0.0 
-446.0 418.0 113.0 23.0 110.0 19.0 0.0 
-471.0 17.0 233.0 6.0 320.0 15.0 1.0 
-449.0 366.0 238.0 9.0 186.0 8.0 1.0 
-440.0 308.0 178.0 19.0 241.0 13.0 0.0 
